human_date_time,link,dealised_author_full_name
Tue Feb 23 12:35:56 2010,http://mail-archives.apache.org/mod_mbox/photark-dev/201002.mbox/<ee92bee31002221735n652f27d6w67f2719ef62255db@mail.gmail.com>,nick choi
Tue Feb 23 19:30:37 2010,http://mail-archives.apache.org/mod_mbox/photark-dev/201002.mbox/<ee92bee31002230030y66a6bc09rbb30f8fb5d8a8d3e@mail.gmail.com>,nick choi
Wed Feb 24 17:24:21 2010,http://mail-archives.apache.org/mod_mbox/photark-dev/201002.mbox/<ee92bee31002232224g7409e3bcvd935cac935e518f3@mail.gmail.com>,nick choi
Thu Feb 25 00:31:54 2010,http://mail-archives.apache.org/mod_mbox/photark-dev/201002.mbox/<ee92bee31002240531x424b9606l52c9ebadb3469d4e@mail.gmail.com>,nick choi
Thu Feb 25 06:48:28 2010,http://mail-archives.apache.org/mod_mbox/photark-dev/201002.mbox/<280484384.517761267080508254.JavaMail.jira@brutus.apache.org>,nick choi
Thu Feb 25 06:54:27 2010,http://mail-archives.apache.org/mod_mbox/photark-dev/201002.mbox/<557567147.517911267080867897.JavaMail.jira@brutus.apache.org>,nick choi
Fri Feb 26 02:21:27 2010,http://mail-archives.apache.org/mod_mbox/photark-dev/201002.mbox/<1302012070.543901267150887927.JavaMail.jira@brutus.apache.org>,nick choi
Fri Feb 26 02:23:27 2010,http://mail-archives.apache.org/mod_mbox/photark-dev/201002.mbox/<664453406.543911267151007845.JavaMail.jira@brutus.apache.org>,nick choi
Fri Feb 26 02:25:27 2010,http://mail-archives.apache.org/mod_mbox/photark-dev/201002.mbox/<1755234392.543951267151127846.JavaMail.jira@brutus.apache.org>,nick choi
Fri Feb 26 13:25:29 2010,http://mail-archives.apache.org/mod_mbox/photark-dev/201002.mbox/<ee92bee31002251825h2d9d8755yae60c7ed1666a189@mail.gmail.com>,nick choi
