human_date_time,link,dealised_author_full_name
Sun Jan 20 15:25:15 2019,http://mail-archives.apache.org/mod_mbox/dubbo-dev/201901.mbox/<tencent_8F8A1DC65F602DF9DA7297383ACBC28F1F06@qq.com>,shinn zhang
Mon Jan 21 11:35:52 2019,http://mail-archives.apache.org/mod_mbox/dubbo-dev/201901.mbox/<tencent_F8714C96821F1D94278C8F401372B8E50307@qq.com>,shinn zhang
