human_date_time,link,dealised_author_full_name
Tue Feb  1 13:10:14 2005,http://mail-archives.apache.org/mod_mbox/beehive-dev/200502.mbox/<41FFE226.4090002@bea.com>,richard feit
Tue Feb  1 15:19:26 2005,http://mail-archives.apache.org/mod_mbox/beehive-dev/200502.mbox/<4200006E.4080702@bea.com>,richard feit
Tue Feb  1 23:15:53 2005,http://mail-archives.apache.org/mod_mbox/beehive-dev/200502.mbox/<42007019.9030601@bea.com>,richard feit
Thu Feb  3 09:00:36 2005,http://mail-archives.apache.org/mod_mbox/beehive-dev/200502.mbox/<42024AA4.4090106@bea.com>,richard feit
Thu Feb  3 16:25:19 2005,http://mail-archives.apache.org/mod_mbox/beehive-dev/200502.mbox/<4202B2DF.9080300@bea.com>,richard feit
Thu Feb  3 17:18:17 2005,http://mail-archives.apache.org/mod_mbox/beehive-dev/200502.mbox/<A33EF4FD8AF1EC48A62CD576DFB75AD501163013@usboex01.amer.bea.com>,richard feit
Fri Feb 11 08:49:55 2005,http://mail-archives.apache.org/mod_mbox/beehive-user/200502.mbox/<420CD423.7040007@bea.com>,richard feit
Fri Feb 11 09:52:40 2005,http://mail-archives.apache.org/mod_mbox/beehive-user/200502.mbox/<420CE2D8.9060101@bea.com>,richard feit
Mon Feb 14 15:27:20 2005,http://mail-archives.apache.org/mod_mbox/beehive-dev/200502.mbox/<421125C8.7020204@bea.com>,richard feit
Tue Feb 15 18:40:13 2005,http://mail-archives.apache.org/mod_mbox/beehive-dev/200502.mbox/<4212A47D.8020009@bea.com>,richard feit
Thu Feb 17 11:42:12 2005,http://mail-archives.apache.org/mod_mbox/beehive-dev/200502.mbox/<4214E584.2050301@bea.com>,richard feit
Thu Feb 17 11:59:21 2005,http://mail-archives.apache.org/mod_mbox/beehive-dev/200502.mbox/<4214E989.10804@bea.com>,richard feit
Sat Feb 19 15:29:18 2005,http://mail-archives.apache.org/mod_mbox/beehive-dev/200502.mbox/<A33EF4FD8AF1EC48A62CD576DFB75AD50116308F@usboex01.amer.bea.com>,richard feit
Wed Feb 23 00:06:50 2005,http://mail-archives.apache.org/mod_mbox/beehive-dev/200502.mbox/<421C2B8A.4040901@bea.com>,richard feit
Wed Feb 23 00:31:49 2005,http://mail-archives.apache.org/mod_mbox/beehive-dev/200502.mbox/<421C3165.60909@bea.com>,richard feit
Wed Feb 23 00:51:31 2005,http://mail-archives.apache.org/mod_mbox/beehive-dev/200502.mbox/<421C3603.1060305@bea.com>,richard feit
Fri Feb 25 12:43:59 2005,http://mail-archives.apache.org/mod_mbox/beehive-dev/200502.mbox/<421F7FFF.3080204@bea.com>,richard feit
Mon Feb 28 22:18:15 2005,http://mail-archives.apache.org/mod_mbox/beehive-dev/200502.mbox/<4223FB17.2090901@bea.com>,richard feit
