human_date_time,link,dealised_author_full_name
Wed Feb  1 03:02:51 2017,http://mail-archives.apache.org/mod_mbox/sirona-dev/201702.mbox/<20170201030251.33139.8279@johns-mbp-2.home>,john d. ament
Thu Feb  2 02:28:46 2017,http://mail-archives.apache.org/mod_mbox/sirona-dev/201702.mbox/<20170202022846.52153.6348@johns-mbp-2.home>,john d. ament
Thu Feb 23 03:11:51 2017,http://mail-archives.apache.org/mod_mbox/sirona-dev/201702.mbox/<20170223031151.23438.96479@johns-mbp-2.home>,john d. ament
Sat Feb 25 23:49:55 2017,http://mail-archives.apache.org/mod_mbox/sirona-dev/201702.mbox/<20170225234955.35451.63164@johns-mbp-2.home>,john d. ament
Mon Feb 27 02:37:52 2017,http://mail-archives.apache.org/mod_mbox/sirona-dev/201702.mbox/<20170227023752.1416.31150@johns-mbp-2.home>,john d. ament
