human_date_time,link,dealised_author_full_name
Fri Aug 28 09:18:48 2015,http://mail-archives.apache.org/mod_mbox/apex-dev/201508.mbox/<CADS+zCvsSCyb3iejY+0QY=R3yk5_9pLku+1CKW9P1DctS5GH_w@mail.gmail.com>,timothy farkas
Fri Aug 28 09:32:07 2015,http://mail-archives.apache.org/mod_mbox/apex-dev/201508.mbox/<CADS+zCsjJ_zvfGYA8=jSnJeG+NP-5KQSZ+Q3T5uq=7EYmzqrUw@mail.gmail.com>,timothy farkas
Sun Aug 30 12:33:10 2015,http://mail-archives.apache.org/mod_mbox/apex-dev/201508.mbox/<CADS+zCtDD4p0NHs8JC3Ns1oq__QQ2h0J9jPXJgXUpSd2xPfdbg@mail.gmail.com>,timothy farkas
