human_date_time,link,dealised_author_full_name
Thu Oct  2 16:06:11 2008,http://mail-archives.apache.org/mod_mbox/couchdb-commits/200810.mbox/<20081002160611.9FD7223889B7@eris.apache.org>,damien f. katz
Thu Oct  2 16:06:11 2008,http://mail-archives.apache.org/mod_mbox/couchdb-commits/200810.mbox/<20081002160611.9FD7223889B7@eris.apache.org>,damien f. katz
Thu Oct  2 16:06:11 2008,http://mail-archives.apache.org/mod_mbox/couchdb-commits/200810.mbox/<20081002160611.9FD7223889B7@eris.apache.org>,damien f. katz
Thu Oct  2 16:06:11 2008,http://mail-archives.apache.org/mod_mbox/couchdb-commits/200810.mbox/<20081002160611.9FD7223889B7@eris.apache.org>,damien f. katz
Thu Oct  2 16:06:11 2008,http://mail-archives.apache.org/mod_mbox/couchdb-commits/200810.mbox/<20081002160611.9FD7223889B7@eris.apache.org>,damien f. katz
Thu Oct  2 16:06:11 2008,http://mail-archives.apache.org/mod_mbox/couchdb-commits/200810.mbox/<20081002160611.9FD7223889B7@eris.apache.org>,damien f. katz
Thu Oct  2 16:06:11 2008,http://mail-archives.apache.org/mod_mbox/couchdb-commits/200810.mbox/<20081002160611.9FD7223889B7@eris.apache.org>,damien f. katz
Thu Oct  2 16:06:11 2008,http://mail-archives.apache.org/mod_mbox/couchdb-commits/200810.mbox/<20081002160611.9FD7223889B7@eris.apache.org>,damien f. katz
Thu Oct  2 16:06:11 2008,http://mail-archives.apache.org/mod_mbox/couchdb-commits/200810.mbox/<20081002160611.9FD7223889B7@eris.apache.org>,damien f. katz
Thu Oct  2 16:06:11 2008,http://mail-archives.apache.org/mod_mbox/couchdb-commits/200810.mbox/<20081002160611.9FD7223889B7@eris.apache.org>,damien f. katz
Thu Oct  2 16:06:11 2008,http://mail-archives.apache.org/mod_mbox/couchdb-commits/200810.mbox/<20081002160611.9FD7223889B7@eris.apache.org>,damien f. katz
Thu Oct  2 16:14:45 2008,http://mail-archives.apache.org/mod_mbox/couchdb-commits/200810.mbox/<20081002161446.1F7DE23889B7@eris.apache.org>,damien f. katz
Thu Oct  2 16:14:45 2008,http://mail-archives.apache.org/mod_mbox/couchdb-commits/200810.mbox/<20081002161446.1F7DE23889B7@eris.apache.org>,damien f. katz
Thu Oct  2 16:14:45 2008,http://mail-archives.apache.org/mod_mbox/couchdb-commits/200810.mbox/<20081002161446.1F7DE23889B7@eris.apache.org>,damien f. katz
Thu Oct  2 16:14:45 2008,http://mail-archives.apache.org/mod_mbox/couchdb-commits/200810.mbox/<20081002161446.1F7DE23889B7@eris.apache.org>,damien f. katz
Thu Oct  2 16:14:45 2008,http://mail-archives.apache.org/mod_mbox/couchdb-commits/200810.mbox/<20081002161446.1F7DE23889B7@eris.apache.org>,damien f. katz
Thu Oct  2 16:14:45 2008,http://mail-archives.apache.org/mod_mbox/couchdb-commits/200810.mbox/<20081002161446.1F7DE23889B7@eris.apache.org>,damien f. katz
Tue Oct 21 18:43:44 2008,http://mail-archives.apache.org/mod_mbox/couchdb-commits/200810.mbox/<20081021184345.2D1B42388961@eris.apache.org>,damien f. katz
Tue Oct 21 18:43:44 2008,http://mail-archives.apache.org/mod_mbox/couchdb-commits/200810.mbox/<20081021184345.2D1B42388961@eris.apache.org>,damien f. katz
Tue Oct 21 18:43:44 2008,http://mail-archives.apache.org/mod_mbox/couchdb-commits/200810.mbox/<20081021184345.2D1B42388961@eris.apache.org>,damien f. katz
Tue Oct 21 18:44:34 2008,http://mail-archives.apache.org/mod_mbox/couchdb-commits/200810.mbox/<20081021184435.00CEC2388852@eris.apache.org>,damien f. katz
Wed Oct 22 03:08:54 2008,http://mail-archives.apache.org/mod_mbox/couchdb-commits/200810.mbox/<20081022030854.A2C9E238889D@eris.apache.org>,damien f. katz
Wed Oct 22 03:08:54 2008,http://mail-archives.apache.org/mod_mbox/couchdb-commits/200810.mbox/<20081022030854.A2C9E238889D@eris.apache.org>,damien f. katz
Wed Oct 22 03:08:54 2008,http://mail-archives.apache.org/mod_mbox/couchdb-commits/200810.mbox/<20081022030854.A2C9E238889D@eris.apache.org>,damien f. katz
Wed Oct 22 03:08:54 2008,http://mail-archives.apache.org/mod_mbox/couchdb-commits/200810.mbox/<20081022030854.A2C9E238889D@eris.apache.org>,damien f. katz
Wed Oct 22 03:08:54 2008,http://mail-archives.apache.org/mod_mbox/couchdb-commits/200810.mbox/<20081022030854.A2C9E238889D@eris.apache.org>,damien f. katz
