human_date_time,link,dealised_author_full_name
Sun Oct  8 23:14:18 2017,http://mail-archives.apache.org/mod_mbox/joshua-user/201710.mbox/<CAMK8Do3=Yo93H8uYF9R54z+aMWm3_OJhcsX48qQmK4UNCo3MUA@mail.gmail.com>,john hewitt
