human_date_time,link,dealised_author_full_name
Thu Apr  2 08:56:16 2009,http://mail-archives.apache.org/mod_mbox/river-dev/200904.mbox/<759a1cdf0904020556v90ff0a3y9ec402ae0bfa4c54@mail.gmail.com>,jonathan costers
Thu Apr  2 09:07:21 2009,http://mail-archives.apache.org/mod_mbox/river-dev/200904.mbox/<759a1cdf0904020607m762e7a15h45f3cf0b372bf03b@mail.gmail.com>,jonathan costers
Wed Apr 15 14:38:14 2009,http://mail-archives.apache.org/mod_mbox/river-commits/200904.mbox/<105076899.1239831494985.JavaMail.jira@brutus>,jonathan costers
Thu Apr 16 06:27:17 2009,http://mail-archives.apache.org/mod_mbox/river-commits/200904.mbox/<1728038566.1239888437348.JavaMail.jira@brutus>,jonathan costers
Fri Apr 17 13:04:16 2009,http://mail-archives.apache.org/mod_mbox/river-commits/200904.mbox/<179901859.1239998656912.JavaMail.jira@brutus>,jonathan costers
Fri Apr 17 13:04:16 2009,http://mail-archives.apache.org/mod_mbox/river-commits/200904.mbox/<1232330148.1239998656944.JavaMail.jira@brutus>,jonathan costers
Fri Apr 17 13:18:15 2009,http://mail-archives.apache.org/mod_mbox/river-commits/200904.mbox/<1495103574.1239999495086.JavaMail.jira@brutus>,jonathan costers
Fri Apr 17 14:19:21 2009,http://mail-archives.apache.org/mod_mbox/river-dev/200904.mbox/<1239970761.5782.8.camel@localhost>,jonathan costers
Fri Apr 17 14:26:52 2009,http://mail-archives.apache.org/mod_mbox/river-dev/200904.mbox/<1239971212.5782.14.camel@localhost>,jonathan costers
Fri Apr 17 15:06:50 2009,http://mail-archives.apache.org/mod_mbox/river-dev/200904.mbox/<1239973610.5782.30.camel@localhost>,jonathan costers
Sat Apr 18 01:13:24 2009,http://mail-archives.apache.org/mod_mbox/river-dev/200904.mbox/<1240010004.5782.32.camel@localhost>,jonathan costers
Sat Apr 18 15:16:15 2009,http://mail-archives.apache.org/mod_mbox/river-commits/200904.mbox/<142748340.1240092975336.JavaMail.jira@brutus>,jonathan costers
Sat Apr 18 16:18:15 2009,http://mail-archives.apache.org/mod_mbox/river-commits/200904.mbox/<1653912553.1240096695159.JavaMail.jira@brutus>,jonathan costers
Sun Apr 19 00:01:14 2009,http://mail-archives.apache.org/mod_mbox/river-dev/200904.mbox/<1240092074.5782.105.camel@localhost>,jonathan costers
Sun Apr 19 05:08:47 2009,http://mail-archives.apache.org/mod_mbox/river-commits/200904.mbox/<1948572630.1240142927452.JavaMail.jira@brutus>,jonathan costers
Sun Apr 19 05:10:47 2009,http://mail-archives.apache.org/mod_mbox/river-commits/200904.mbox/<972434706.1240143047679.JavaMail.jira@brutus>,jonathan costers
Sun Apr 19 05:10:47 2009,http://mail-archives.apache.org/mod_mbox/river-commits/200904.mbox/<997521837.1240143047765.JavaMail.jira@brutus>,jonathan costers
Sun Apr 19 05:12:47 2009,http://mail-archives.apache.org/mod_mbox/river-commits/200904.mbox/<1947710094.1240143167524.JavaMail.jira@brutus>,jonathan costers
Sun Apr 19 05:14:47 2009,http://mail-archives.apache.org/mod_mbox/river-commits/200904.mbox/<242148007.1240143287427.JavaMail.jira@brutus>,jonathan costers
Sun Apr 19 05:32:49 2009,http://mail-archives.apache.org/mod_mbox/river-commits/200904.mbox/<1963665337.1240144369170.JavaMail.jira@brutus>,jonathan costers
Mon Apr 20 10:28:25 2009,http://mail-archives.apache.org/mod_mbox/river-dev/200904.mbox/<759a1cdf0904200128p2a08d14qb0598bdeb18a9e03@mail.gmail.com>,jonathan costers
Tue Apr 21 14:12:14 2009,http://mail-archives.apache.org/mod_mbox/river-dev/200904.mbox/<759a1cdf0904210512u67e9b24ck903ac2c132917f91@mail.gmail.com>,jonathan costers
Tue Apr 21 14:17:06 2009,http://mail-archives.apache.org/mod_mbox/river-dev/200904.mbox/<759a1cdf0904210517h24c4f2e8r7b10107228b52455@mail.gmail.com>,jonathan costers
Tue Apr 21 18:27:18 2009,http://mail-archives.apache.org/mod_mbox/river-dev/200904.mbox/<1240331238.4458.5.camel@localhost>,jonathan costers
Tue Apr 21 21:52:24 2009,http://mail-archives.apache.org/mod_mbox/river-dev/200904.mbox/<1240343544.4458.29.camel@localhost>,jonathan costers
Wed Apr 22 04:27:47 2009,http://mail-archives.apache.org/mod_mbox/river-commits/200904.mbox/<940602123.1240399667680.JavaMail.jira@brutus>,jonathan costers
Wed Apr 22 20:37:58 2009,http://mail-archives.apache.org/mod_mbox/river-dev/200904.mbox/<1240425478.4458.36.camel@localhost>,jonathan costers
Tue Apr 28 13:05:49 2009,http://mail-archives.apache.org/mod_mbox/river-dev/200904.mbox/<759a1cdf0904280405s427fe4c1pf21dee281c9efca9@mail.gmail.com>,jonathan costers
Tue Apr 28 13:10:24 2009,http://mail-archives.apache.org/mod_mbox/river-dev/200904.mbox/<759a1cdf0904280410l6a71ac2amaa3bab1a0fc3559e@mail.gmail.com>,jonathan costers
Tue Apr 28 13:13:47 2009,http://mail-archives.apache.org/mod_mbox/river-dev/200904.mbox/<759a1cdf0904280413t162048c7h3c59499f824d3d3b@mail.gmail.com>,jonathan costers
Tue Apr 28 13:30:30 2009,http://mail-archives.apache.org/mod_mbox/river-dev/200904.mbox/<759a1cdf0904280430p750ba7b5o3b550f3935ea7c78@mail.gmail.com>,jonathan costers
Thu Apr 30 14:40:35 2009,http://mail-archives.apache.org/mod_mbox/river-dev/200904.mbox/<759a1cdf0904300540k7205fa34k82204c4830d5c91@mail.gmail.com>,jonathan costers
Thu Apr 30 14:44:42 2009,http://mail-archives.apache.org/mod_mbox/river-dev/200904.mbox/<759a1cdf0904300544p3f5be359y4b1005ec6addbaaa@mail.gmail.com>,jonathan costers
