human_date_time,link,dealised_author_full_name
Tue Apr  4 17:26:58 2006,http://mail-archives.apache.org/mod_mbox/harmony-dev/200604.mbox/<44329E52.40409@googlemail.com>,oliver deakin
Wed Apr  5 13:57:48 2006,http://mail-archives.apache.org/mod_mbox/harmony-dev/200604.mbox/<4433BECC.7000404@googlemail.com>,oliver deakin
Wed Apr  5 14:10:43 2006,http://mail-archives.apache.org/mod_mbox/harmony-dev/200604.mbox/<4433C1D3.6040908@googlemail.com>,oliver deakin
Wed Apr  5 15:43:04 2006,http://mail-archives.apache.org/mod_mbox/harmony-dev/200604.mbox/<4433D778.1000407@googlemail.com>,oliver deakin
Wed Apr  5 16:31:06 2006,http://mail-archives.apache.org/mod_mbox/harmony-dev/200604.mbox/<4433E2BA.6070300@googlemail.com>,oliver deakin
Wed Apr  5 16:44:34 2006,http://mail-archives.apache.org/mod_mbox/harmony-dev/200604.mbox/<4433E5E2.1030005@googlemail.com>,oliver deakin
Wed Apr  5 18:10:16 2006,http://mail-archives.apache.org/mod_mbox/harmony-dev/200604.mbox/<4433F9F8.3060100@googlemail.com>,oliver deakin
Thu Apr  6 08:40:48 2006,http://mail-archives.apache.org/mod_mbox/harmony-dev/200604.mbox/<4434C600.4070106@googlemail.com>,oliver deakin
Thu Apr  6 08:48:53 2006,http://mail-archives.apache.org/mod_mbox/harmony-dev/200604.mbox/<4434C7E5.3010602@googlemail.com>,oliver deakin
Thu Apr  6 08:49:39 2006,http://mail-archives.apache.org/mod_mbox/harmony-dev/200604.mbox/<4434C813.1090101@googlemail.com>,oliver deakin
Thu Apr  6 14:44:33 2006,http://mail-archives.apache.org/mod_mbox/harmony-dev/200604.mbox/<44351B41.5080502@googlemail.com>,oliver deakin
Thu Apr  6 16:57:10 2006,http://mail-archives.apache.org/mod_mbox/harmony-dev/200604.mbox/<44353A56.3020701@googlemail.com>,oliver deakin
Mon Apr 10 10:30:06 2006,http://mail-archives.apache.org/mod_mbox/harmony-dev/200604.mbox/<443A259E.10302@googlemail.com>,oliver deakin
Thu Apr 13 14:27:42 2006,http://mail-archives.apache.org/mod_mbox/harmony-dev/200604.mbox/<443E51CE.1060907@googlemail.com>,oliver deakin
Thu Apr 13 15:09:45 2006,http://mail-archives.apache.org/mod_mbox/harmony-dev/200604.mbox/<443E5BA9.8000308@googlemail.com>,oliver deakin
Wed Apr 19 14:19:09 2006,http://mail-archives.apache.org/mod_mbox/harmony-dev/200604.mbox/<444638CD.1050600@googlemail.com>,oliver deakin
Wed Apr 26 09:45:19 2006,http://mail-archives.apache.org/mod_mbox/harmony-dev/200604.mbox/<444F331F.4010001@googlemail.com>,oliver deakin
