human_date_time,link,dealised_author_full_name
Tue May  8 14:01:30 2018,http://mail-archives.apache.org/mod_mbox/taverna-commits/201805.mbox/<1911593549.1382.1525788090829.JavaMail.jenkins@jenkins-master.apache.org>,apache jenkins server
Sat May 12 11:41:04 2018,http://mail-archives.apache.org/mod_mbox/taverna-commits/201805.mbox/<1908220252.2902.1526125264584.JavaMail.jenkins@jenkins-master.apache.org>,apache jenkins server
Sat May 12 11:51:21 2018,http://mail-archives.apache.org/mod_mbox/taverna-commits/201805.mbox/<958353149.2903.1526125881340.JavaMail.jenkins@jenkins-master.apache.org>,apache jenkins server
