human_date_time,link,dealised_author_full_name
Mon Apr  2 19:20:32 2007,http://mail-archives.apache.org/mod_mbox/cxf-issues/200704.mbox/<13945650.1175566832407.JavaMail.jira@brutus>,bozhong lin
Tue Apr  3 18:31:33 2007,http://mail-archives.apache.org/mod_mbox/cxf-users/200704.mbox/<46122D05.7080501@iona.com>,bozhong lin
Thu Apr  5 02:28:32 2007,http://mail-archives.apache.org/mod_mbox/cxf-issues/200704.mbox/<23294098.1175765312615.JavaMail.jira@brutus>,bozhong lin
Wed Apr 11 19:17:32 2007,http://mail-archives.apache.org/mod_mbox/cxf-issues/200704.mbox/<22282640.1176344252255.JavaMail.jira@brutus>,bozhong lin
Wed Apr 11 19:21:32 2007,http://mail-archives.apache.org/mod_mbox/cxf-issues/200704.mbox/<2901830.1176344492570.JavaMail.jira@brutus>,bozhong lin
Wed Apr 11 19:21:33 2007,http://mail-archives.apache.org/mod_mbox/cxf-issues/200704.mbox/<25742303.1176344493602.JavaMail.jira@brutus>,bozhong lin
Wed Apr 11 19:21:33 2007,http://mail-archives.apache.org/mod_mbox/cxf-issues/200704.mbox/<21389273.1176344493401.JavaMail.jira@brutus>,bozhong lin
Wed Apr 11 19:21:33 2007,http://mail-archives.apache.org/mod_mbox/cxf-issues/200704.mbox/<33466526.1176344493083.JavaMail.jira@brutus>,bozhong lin
Wed Apr 11 19:23:32 2007,http://mail-archives.apache.org/mod_mbox/cxf-issues/200704.mbox/<7451158.1176344612309.JavaMail.jira@brutus>,bozhong lin
Wed Apr 11 19:23:32 2007,http://mail-archives.apache.org/mod_mbox/cxf-issues/200704.mbox/<12339322.1176344612564.JavaMail.jira@brutus>,bozhong lin
Wed Apr 11 19:25:32 2007,http://mail-archives.apache.org/mod_mbox/cxf-issues/200704.mbox/<8100529.1176344732587.JavaMail.jira@brutus>,bozhong lin
Wed Apr 11 19:25:32 2007,http://mail-archives.apache.org/mod_mbox/cxf-issues/200704.mbox/<29474715.1176344732317.JavaMail.jira@brutus>,bozhong lin
Wed Apr 11 19:27:32 2007,http://mail-archives.apache.org/mod_mbox/cxf-issues/200704.mbox/<13010353.1176344852532.JavaMail.jira@brutus>,bozhong lin
Wed Apr 11 19:29:32 2007,http://mail-archives.apache.org/mod_mbox/cxf-issues/200704.mbox/<24059995.1176344972539.JavaMail.jira@brutus>,bozhong lin
Thu Apr 12 20:41:15 2007,http://mail-archives.apache.org/mod_mbox/cxf-issues/200704.mbox/<28985171.1176435675579.JavaMail.jira@brutus>,bozhong lin
Thu Apr 12 20:45:15 2007,http://mail-archives.apache.org/mod_mbox/cxf-issues/200704.mbox/<29722771.1176435915439.JavaMail.jira@brutus>,bozhong lin
Thu Apr 12 23:41:15 2007,http://mail-archives.apache.org/mod_mbox/cxf-issues/200704.mbox/<23772653.1176446475705.JavaMail.jira@brutus>,bozhong lin
Thu Apr 12 23:43:15 2007,http://mail-archives.apache.org/mod_mbox/cxf-issues/200704.mbox/<20174105.1176446595296.JavaMail.jira@brutus>,bozhong lin
Tue Apr 17 10:16:10 2007,http://mail-archives.apache.org/mod_mbox/cxf-users/200704.mbox/<46242DEA.6000907@iona.com>,bozhong lin
Thu Apr 19 03:05:15 2007,http://mail-archives.apache.org/mod_mbox/cxf-issues/200704.mbox/<23488137.1176977115529.JavaMail.jira@brutus>,bozhong lin
Thu Apr 19 03:12:15 2007,http://mail-archives.apache.org/mod_mbox/cxf-issues/200704.mbox/<10146652.1176977535632.JavaMail.jira@brutus>,bozhong lin
Thu Apr 19 03:18:15 2007,http://mail-archives.apache.org/mod_mbox/cxf-issues/200704.mbox/<25264027.1176977895506.JavaMail.jira@brutus>,bozhong lin
Thu Apr 19 03:22:15 2007,http://mail-archives.apache.org/mod_mbox/cxf-issues/200704.mbox/<1167292.1176978135463.JavaMail.jira@brutus>,bozhong lin
Thu Apr 19 03:27:15 2007,http://mail-archives.apache.org/mod_mbox/cxf-issues/200704.mbox/<5841562.1176978435422.JavaMail.jira@brutus>,bozhong lin
Thu Apr 19 03:43:15 2007,http://mail-archives.apache.org/mod_mbox/cxf-issues/200704.mbox/<5912721.1176979395428.JavaMail.jira@brutus>,bozhong lin
Thu Apr 19 18:59:08 2007,http://mail-archives.apache.org/mod_mbox/cxf-dev/200704.mbox/<46274B7C.8080802@iona.com>,bozhong lin
Fri Apr 20 20:47:54 2007,http://mail-archives.apache.org/mod_mbox/cxf-dev/200704.mbox/<4628B67A.3060807@iona.com>,bozhong lin
Fri Apr 20 21:12:03 2007,http://mail-archives.apache.org/mod_mbox/cxf-dev/200704.mbox/<4628BC23.1020503@iona.com>,bozhong lin
Mon Apr 23 02:20:15 2007,http://mail-archives.apache.org/mod_mbox/cxf-issues/200704.mbox/<13901906.1177320015286.JavaMail.jira@brutus>,bozhong lin
Mon Apr 23 17:33:50 2007,http://mail-archives.apache.org/mod_mbox/cxf-dev/200704.mbox/<462C7D7E.8030903@iona.com>,bozhong lin
Mon Apr 23 23:52:15 2007,http://mail-archives.apache.org/mod_mbox/cxf-issues/200704.mbox/<26796652.1177397535710.JavaMail.jira@brutus>,bozhong lin
Tue Apr 24 15:03:43 2007,http://mail-archives.apache.org/mod_mbox/cxf-dev/200704.mbox/<462DABCF.5050604@iona.com>,bozhong lin
Tue Apr 24 18:25:18 2007,http://mail-archives.apache.org/mod_mbox/cxf-users/200704.mbox/<462DDB0E.3080201@iona.com>,bozhong lin
Wed Apr 25 01:21:15 2007,http://mail-archives.apache.org/mod_mbox/cxf-issues/200704.mbox/<13203898.1177489275448.JavaMail.jira@brutus>,bozhong lin
Wed Apr 25 01:32:15 2007,http://mail-archives.apache.org/mod_mbox/cxf-issues/200704.mbox/<6079416.1177489935602.JavaMail.jira@brutus>,bozhong lin
Wed Apr 25 01:32:16 2007,http://mail-archives.apache.org/mod_mbox/cxf-issues/200704.mbox/<29157358.1177489936193.JavaMail.jira@brutus>,bozhong lin
Wed Apr 25 01:34:16 2007,http://mail-archives.apache.org/mod_mbox/cxf-issues/200704.mbox/<13285694.1177490056023.JavaMail.jira@brutus>,bozhong lin
Wed Apr 25 01:34:16 2007,http://mail-archives.apache.org/mod_mbox/cxf-issues/200704.mbox/<14143092.1177490056487.JavaMail.jira@brutus>,bozhong lin
Wed Apr 25 01:36:15 2007,http://mail-archives.apache.org/mod_mbox/cxf-issues/200704.mbox/<8041539.1177490175873.JavaMail.jira@brutus>,bozhong lin
Wed Apr 25 01:36:15 2007,http://mail-archives.apache.org/mod_mbox/cxf-issues/200704.mbox/<13960443.1177490175625.JavaMail.jira@brutus>,bozhong lin
Wed Apr 25 01:38:15 2007,http://mail-archives.apache.org/mod_mbox/cxf-issues/200704.mbox/<25171612.1177490295574.JavaMail.jira@brutus>,bozhong lin
Wed Apr 25 01:40:15 2007,http://mail-archives.apache.org/mod_mbox/cxf-issues/200704.mbox/<9160519.1177490415474.JavaMail.jira@brutus>,bozhong lin
Wed Apr 25 01:40:16 2007,http://mail-archives.apache.org/mod_mbox/cxf-issues/200704.mbox/<11857022.1177490416297.JavaMail.jira@brutus>,bozhong lin
Wed Apr 25 01:40:16 2007,http://mail-archives.apache.org/mod_mbox/cxf-issues/200704.mbox/<5293360.1177490416029.JavaMail.jira@brutus>,bozhong lin
Wed Apr 25 01:42:15 2007,http://mail-archives.apache.org/mod_mbox/cxf-issues/200704.mbox/<21253920.1177490535902.JavaMail.jira@brutus>,bozhong lin
Wed Apr 25 02:01:16 2007,http://mail-archives.apache.org/mod_mbox/cxf-issues/200704.mbox/<5737912.1177491676097.JavaMail.jira@brutus>,bozhong lin
Wed Apr 25 02:03:15 2007,http://mail-archives.apache.org/mod_mbox/cxf-issues/200704.mbox/<19092929.1177491795785.JavaMail.jira@brutus>,bozhong lin
Wed Apr 25 02:05:15 2007,http://mail-archives.apache.org/mod_mbox/cxf-issues/200704.mbox/<22958485.1177491915806.JavaMail.jira@brutus>,bozhong lin
Wed Apr 25 02:05:15 2007,http://mail-archives.apache.org/mod_mbox/cxf-issues/200704.mbox/<15023810.1177491915623.JavaMail.jira@brutus>,bozhong lin
Wed Apr 25 02:05:16 2007,http://mail-archives.apache.org/mod_mbox/cxf-issues/200704.mbox/<6628640.1177491916119.JavaMail.jira@brutus>,bozhong lin
Wed Apr 25 02:07:15 2007,http://mail-archives.apache.org/mod_mbox/cxf-issues/200704.mbox/<23969496.1177492035579.JavaMail.jira@brutus>,bozhong lin
Wed Apr 25 02:07:15 2007,http://mail-archives.apache.org/mod_mbox/cxf-issues/200704.mbox/<22356356.1177492035716.JavaMail.jira@brutus>,bozhong lin
Wed Apr 25 02:25:16 2007,http://mail-archives.apache.org/mod_mbox/cxf-issues/200704.mbox/<12649776.1177493116017.JavaMail.jira@brutus>,bozhong lin
Wed Apr 25 02:25:16 2007,http://mail-archives.apache.org/mod_mbox/cxf-issues/200704.mbox/<6264147.1177493116467.JavaMail.jira@brutus>,bozhong lin
Wed Apr 25 02:27:15 2007,http://mail-archives.apache.org/mod_mbox/cxf-issues/200704.mbox/<29692141.1177493235921.JavaMail.jira@brutus>,bozhong lin
Wed Apr 25 02:27:15 2007,http://mail-archives.apache.org/mod_mbox/cxf-issues/200704.mbox/<21385560.1177493235773.JavaMail.jira@brutus>,bozhong lin
Wed Apr 25 02:27:15 2007,http://mail-archives.apache.org/mod_mbox/cxf-issues/200704.mbox/<15387904.1177493235607.JavaMail.jira@brutus>,bozhong lin
Wed Apr 25 02:29:15 2007,http://mail-archives.apache.org/mod_mbox/cxf-issues/200704.mbox/<18486964.1177493355568.JavaMail.jira@brutus>,bozhong lin
Wed Apr 25 02:31:15 2007,http://mail-archives.apache.org/mod_mbox/cxf-issues/200704.mbox/<13695737.1177493475575.JavaMail.jira@brutus>,bozhong lin
Wed Apr 25 02:33:15 2007,http://mail-archives.apache.org/mod_mbox/cxf-issues/200704.mbox/<10302054.1177493595755.JavaMail.jira@brutus>,bozhong lin
Wed Apr 25 02:33:16 2007,http://mail-archives.apache.org/mod_mbox/cxf-issues/200704.mbox/<7725255.1177493596121.JavaMail.jira@brutus>,bozhong lin
Wed Apr 25 02:35:15 2007,http://mail-archives.apache.org/mod_mbox/cxf-issues/200704.mbox/<11826799.1177493715498.JavaMail.jira@brutus>,bozhong lin
Wed Apr 25 02:37:15 2007,http://mail-archives.apache.org/mod_mbox/cxf-issues/200704.mbox/<31758961.1177493835639.JavaMail.jira@brutus>,bozhong lin
Wed Apr 25 02:37:15 2007,http://mail-archives.apache.org/mod_mbox/cxf-issues/200704.mbox/<15031139.1177493835907.JavaMail.jira@brutus>,bozhong lin
Wed Apr 25 02:39:15 2007,http://mail-archives.apache.org/mod_mbox/cxf-issues/200704.mbox/<25286497.1177493955751.JavaMail.jira@brutus>,bozhong lin
Wed Apr 25 02:39:15 2007,http://mail-archives.apache.org/mod_mbox/cxf-issues/200704.mbox/<15777171.1177493955632.JavaMail.jira@brutus>,bozhong lin
Wed Apr 25 02:41:15 2007,http://mail-archives.apache.org/mod_mbox/cxf-issues/200704.mbox/<22554116.1177494075636.JavaMail.jira@brutus>,bozhong lin
Wed Apr 25 02:41:15 2007,http://mail-archives.apache.org/mod_mbox/cxf-issues/200704.mbox/<31359190.1177494075768.JavaMail.jira@brutus>,bozhong lin
Wed Apr 25 02:41:16 2007,http://mail-archives.apache.org/mod_mbox/cxf-issues/200704.mbox/<10793506.1177494076071.JavaMail.jira@brutus>,bozhong lin
Wed Apr 25 02:43:19 2007,http://mail-archives.apache.org/mod_mbox/cxf-issues/200704.mbox/<16174297.1177494199480.JavaMail.jira@brutus>,bozhong lin
Wed Apr 25 02:43:22 2007,http://mail-archives.apache.org/mod_mbox/cxf-issues/200704.mbox/<20756637.1177494202438.JavaMail.jira@brutus>,bozhong lin
Wed Apr 25 02:43:23 2007,http://mail-archives.apache.org/mod_mbox/cxf-issues/200704.mbox/<30897846.1177494203970.JavaMail.jira@brutus>,bozhong lin
Wed Apr 25 02:45:15 2007,http://mail-archives.apache.org/mod_mbox/cxf-issues/200704.mbox/<12687058.1177494315952.JavaMail.jira@brutus>,bozhong lin
Wed Apr 25 02:45:16 2007,http://mail-archives.apache.org/mod_mbox/cxf-issues/200704.mbox/<18156988.1177494316297.JavaMail.jira@brutus>,bozhong lin
Wed Apr 25 02:45:16 2007,http://mail-archives.apache.org/mod_mbox/cxf-issues/200704.mbox/<8592475.1177494316817.JavaMail.jira@brutus>,bozhong lin
Wed Apr 25 02:45:17 2007,http://mail-archives.apache.org/mod_mbox/cxf-issues/200704.mbox/<21462714.1177494317174.JavaMail.jira@brutus>,bozhong lin
Wed Apr 25 02:45:17 2007,http://mail-archives.apache.org/mod_mbox/cxf-issues/200704.mbox/<838975.1177494317347.JavaMail.jira@brutus>,bozhong lin
Wed Apr 25 02:47:16 2007,http://mail-archives.apache.org/mod_mbox/cxf-issues/200704.mbox/<28040909.1177494436767.JavaMail.jira@brutus>,bozhong lin
Wed Apr 25 02:47:16 2007,http://mail-archives.apache.org/mod_mbox/cxf-issues/200704.mbox/<7875823.1177494436443.JavaMail.jira@brutus>,bozhong lin
Wed Apr 25 02:47:16 2007,http://mail-archives.apache.org/mod_mbox/cxf-issues/200704.mbox/<10768403.1177494436301.JavaMail.jira@brutus>,bozhong lin
Wed Apr 25 02:49:16 2007,http://mail-archives.apache.org/mod_mbox/cxf-issues/200704.mbox/<1331909.1177494556290.JavaMail.jira@brutus>,bozhong lin
Wed Apr 25 02:49:16 2007,http://mail-archives.apache.org/mod_mbox/cxf-issues/200704.mbox/<15076539.1177494556156.JavaMail.jira@brutus>,bozhong lin
Wed Apr 25 02:51:15 2007,http://mail-archives.apache.org/mod_mbox/cxf-issues/200704.mbox/<26428993.1177494675635.JavaMail.jira@brutus>,bozhong lin
Wed Apr 25 02:53:15 2007,http://mail-archives.apache.org/mod_mbox/cxf-issues/200704.mbox/<11287367.1177494795901.JavaMail.jira@brutus>,bozhong lin
Wed Apr 25 02:53:16 2007,http://mail-archives.apache.org/mod_mbox/cxf-issues/200704.mbox/<32702974.1177494796471.JavaMail.jira@brutus>,bozhong lin
Wed Apr 25 02:53:16 2007,http://mail-archives.apache.org/mod_mbox/cxf-issues/200704.mbox/<25656904.1177494796832.JavaMail.jira@brutus>,bozhong lin
Wed Apr 25 02:53:17 2007,http://mail-archives.apache.org/mod_mbox/cxf-issues/200704.mbox/<26360991.1177494797176.JavaMail.jira@brutus>,bozhong lin
Wed Apr 25 02:55:15 2007,http://mail-archives.apache.org/mod_mbox/cxf-issues/200704.mbox/<24181482.1177494915686.JavaMail.jira@brutus>,bozhong lin
Wed Apr 25 02:55:15 2007,http://mail-archives.apache.org/mod_mbox/cxf-issues/200704.mbox/<21251755.1177494915578.JavaMail.jira@brutus>,bozhong lin
Wed Apr 25 03:01:15 2007,http://mail-archives.apache.org/mod_mbox/cxf-issues/200704.mbox/<18210788.1177495275650.JavaMail.jira@brutus>,bozhong lin
Wed Apr 25 03:07:15 2007,http://mail-archives.apache.org/mod_mbox/cxf-issues/200704.mbox/<23634035.1177495635807.JavaMail.jira@brutus>,bozhong lin
Wed Apr 25 03:07:15 2007,http://mail-archives.apache.org/mod_mbox/cxf-issues/200704.mbox/<5703751.1177495635616.JavaMail.jira@brutus>,bozhong lin
Wed Apr 25 03:09:15 2007,http://mail-archives.apache.org/mod_mbox/cxf-issues/200704.mbox/<30734590.1177495755573.JavaMail.jira@brutus>,bozhong lin
Wed Apr 25 13:13:44 2007,http://mail-archives.apache.org/mod_mbox/cxf-dev/200704.mbox/<462EE388.3070408@iona.com>,bozhong lin
Thu Apr 26 09:37:50 2007,http://mail-archives.apache.org/mod_mbox/cxf-users/200704.mbox/<4630026E.1040807@iona.com>,bozhong lin
Sat Apr 28 23:52:15 2007,http://mail-archives.apache.org/mod_mbox/cxf-issues/200704.mbox/<23673818.1177829535500.JavaMail.jira@brutus>,bozhong lin
Mon Apr 30 01:36:15 2007,http://mail-archives.apache.org/mod_mbox/cxf-issues/200704.mbox/<13841543.1177922175501.JavaMail.jira@brutus>,bozhong lin
Mon Apr 30 01:36:15 2007,http://mail-archives.apache.org/mod_mbox/cxf-issues/200704.mbox/<6815210.1177922175705.JavaMail.jira@brutus>,bozhong lin
Mon Apr 30 01:40:15 2007,http://mail-archives.apache.org/mod_mbox/cxf-issues/200704.mbox/<14561799.1177922415289.JavaMail.jira@brutus>,bozhong lin
