human_date_time,link,dealised_author_full_name
Thu Jan  1 22:46:36 2009,http://mail-archives.apache.org/mod_mbox/sling-dev/200901.mbox/<125C9859-91BC-4BFE-A1BF-064A8A2F6582@pobox.com>,torgeir veimo
Thu Jan  1 23:05:13 2009,http://mail-archives.apache.org/mod_mbox/sling-dev/200901.mbox/<CF2D8DA3-E143-4171-A1E0-5FCCE968839D@pobox.com>,torgeir veimo
Fri Jan  2 16:04:20 2009,http://mail-archives.apache.org/mod_mbox/sling-dev/200901.mbox/<36267A42-FB2B-4D13-A8FE-507BB630C7A6@pobox.com>,torgeir veimo
Fri Jan  2 16:16:32 2009,http://mail-archives.apache.org/mod_mbox/sling-dev/200901.mbox/<DB9DB1D5-6280-442C-A0F6-A48FB7C5386F@pobox.com>,torgeir veimo
Fri Jan  2 16:16:43 2009,http://mail-archives.apache.org/mod_mbox/sling-dev/200901.mbox/<4B619D9E-C849-45D6-B77C-DD94E4C4AD45@pobox.com>,torgeir veimo
Fri Jan  2 18:44:34 2009,http://mail-archives.apache.org/mod_mbox/sling-dev/200901.mbox/<D00D60DE-94E4-49F5-B6BD-A91FA8E37181@pobox.com>,torgeir veimo
Sat Jan  3 00:47:09 2009,http://mail-archives.apache.org/mod_mbox/sling-dev/200901.mbox/<A95BE04B-E23B-4232-BFC8-4DE88341A055@pobox.com>,torgeir veimo
Sat Jan  3 14:21:41 2009,http://mail-archives.apache.org/mod_mbox/sling-dev/200901.mbox/<19DB03E5-C215-43A6-A23F-805BEFBE3791@pobox.com>,torgeir veimo
Sat Jan  3 16:09:59 2009,http://mail-archives.apache.org/mod_mbox/sling-dev/200901.mbox/<AD9E83CB-CD2F-44D4-9C27-482E6315F9F8@pobox.com>,torgeir veimo
Sat Jan  3 22:49:40 2009,http://mail-archives.apache.org/mod_mbox/sling-dev/200901.mbox/<E3E786D2-4D0F-4003-A9C1-DA91F0B35185@pobox.com>,torgeir veimo
Mon Jan  5 23:24:01 2009,http://mail-archives.apache.org/mod_mbox/sling-dev/200901.mbox/<B75D5752-0DBC-4C77-977E-4657FE9349F0@pobox.com>,torgeir veimo
Tue Jan  6 10:00:15 2009,http://mail-archives.apache.org/mod_mbox/sling-dev/200901.mbox/<E0DB275C-8C06-405D-9AF5-99A6587BDCB6@pobox.com>,torgeir veimo
Wed Jan  7 23:00:01 2009,http://mail-archives.apache.org/mod_mbox/sling-dev/200901.mbox/<BAABF643-6C0B-4FBD-9C09-CEF190DFFCD7@pobox.com>,torgeir veimo
Fri Jan  9 09:13:40 2009,http://mail-archives.apache.org/mod_mbox/sling-dev/200901.mbox/<6277A603-E350-46AB-8995-67ABFCFAB356@pobox.com>,torgeir veimo
Sat Jan 24 08:56:23 2009,http://mail-archives.apache.org/mod_mbox/sling-dev/200901.mbox/<551FBB20-08FB-4FEB-AC46-F90142BBDFC7@pobox.com>,torgeir veimo
