human_date_time,link,dealised_author_full_name
Mon May  6 23:24:38 2013,http://mail-archives.apache.org/mod_mbox/climate-commits/201305.mbox/<20130506232438.6773A2388906@eris.apache.org>,huikyo lee
Mon May  6 23:24:38 2013,http://mail-archives.apache.org/mod_mbox/climate-commits/201305.mbox/<20130506232438.6773A2388906@eris.apache.org>,huikyo lee
