human_date_time,link,dealised_author_full_name
Thu Dec 19 15:07:09 2013,http://mail-archives.apache.org/mod_mbox/falcon-dev/201312.mbox/<JIRA.12685605.1387465614581.65213.1387465629449@arcas>,ashish paliwal
