human_date_time,link,dealised_author_full_name
Tue Apr  4 19:25:46 2006,http://mail-archives.apache.org/mod_mbox/felix-dev/200604.mbox/<4432F26A.3050709@dsc.upe.br>,bruno j m melo
Thu Apr 20 22:33:00 2006,http://mail-archives.apache.org/mod_mbox/felix-dev/200604.mbox/<4448364C.8000305@dsc.upe.br>,bruno j m melo
