human_date_time,link,dealised_author_full_name
Thu Sep 21 11:26:43 2006,http://mail-archives.apache.org/mod_mbox/adffaces-user/200609.mbox/<OFF0353E4E.B858BC61-ON852571F0.00528CBC-852571F0.0054D87C@gsk.com>,kendallblythe
