human_date_time,link,dealised_author_full_name
Mon Nov 16 21:28:34 2009,http://mail-archives.apache.org/mod_mbox/empire-commits/200911.mbox/<20091116212834.B8C732388901@eris.apache.org>,francis de brabandere
Tue Nov 17 21:45:03 2009,http://mail-archives.apache.org/mod_mbox/empire-commits/200911.mbox/<20091117214503.F3E162388989@eris.apache.org>,francis de brabandere
Tue Nov 17 21:45:03 2009,http://mail-archives.apache.org/mod_mbox/empire-commits/200911.mbox/<20091117214503.F3E162388989@eris.apache.org>,francis de brabandere
Tue Nov 17 21:45:03 2009,http://mail-archives.apache.org/mod_mbox/empire-commits/200911.mbox/<20091117214503.F3E162388989@eris.apache.org>,francis de brabandere
Tue Nov 17 21:45:03 2009,http://mail-archives.apache.org/mod_mbox/empire-commits/200911.mbox/<20091117214503.F3E162388989@eris.apache.org>,francis de brabandere
Tue Nov 17 21:45:03 2009,http://mail-archives.apache.org/mod_mbox/empire-commits/200911.mbox/<20091117214503.F3E162388989@eris.apache.org>,francis de brabandere
Tue Nov 17 21:45:03 2009,http://mail-archives.apache.org/mod_mbox/empire-commits/200911.mbox/<20091117214503.F3E162388989@eris.apache.org>,francis de brabandere
Tue Nov 17 21:45:03 2009,http://mail-archives.apache.org/mod_mbox/empire-commits/200911.mbox/<20091117214503.F3E162388989@eris.apache.org>,francis de brabandere
Tue Nov 17 21:45:03 2009,http://mail-archives.apache.org/mod_mbox/empire-commits/200911.mbox/<20091117214503.F3E162388989@eris.apache.org>,francis de brabandere
Tue Nov 17 21:45:03 2009,http://mail-archives.apache.org/mod_mbox/empire-commits/200911.mbox/<20091117214503.F3E162388989@eris.apache.org>,francis de brabandere
Tue Nov 17 21:45:03 2009,http://mail-archives.apache.org/mod_mbox/empire-commits/200911.mbox/<20091117214503.F3E162388989@eris.apache.org>,francis de brabandere
Tue Nov 17 21:51:58 2009,http://mail-archives.apache.org/mod_mbox/empire-commits/200911.mbox/<20091117215158.279F123888D8@eris.apache.org>,francis de brabandere
Tue Nov 17 23:06:03 2009,http://mail-archives.apache.org/mod_mbox/empire-commits/200911.mbox/<20091117230603.AD92423889B5@eris.apache.org>,francis de brabandere
Tue Nov 17 23:06:03 2009,http://mail-archives.apache.org/mod_mbox/empire-commits/200911.mbox/<20091117230603.AD92423889B5@eris.apache.org>,francis de brabandere
Tue Nov 17 23:06:03 2009,http://mail-archives.apache.org/mod_mbox/empire-commits/200911.mbox/<20091117230603.AD92423889B5@eris.apache.org>,francis de brabandere
Tue Nov 17 23:06:03 2009,http://mail-archives.apache.org/mod_mbox/empire-commits/200911.mbox/<20091117230603.AD92423889B5@eris.apache.org>,francis de brabandere
Tue Nov 17 23:06:03 2009,http://mail-archives.apache.org/mod_mbox/empire-commits/200911.mbox/<20091117230603.AD92423889B5@eris.apache.org>,francis de brabandere
Tue Nov 17 23:06:03 2009,http://mail-archives.apache.org/mod_mbox/empire-commits/200911.mbox/<20091117230603.AD92423889B5@eris.apache.org>,francis de brabandere
Tue Nov 17 23:06:03 2009,http://mail-archives.apache.org/mod_mbox/empire-commits/200911.mbox/<20091117230603.AD92423889B5@eris.apache.org>,francis de brabandere
Tue Nov 17 23:06:03 2009,http://mail-archives.apache.org/mod_mbox/empire-commits/200911.mbox/<20091117230603.AD92423889B5@eris.apache.org>,francis de brabandere
Tue Nov 17 23:06:03 2009,http://mail-archives.apache.org/mod_mbox/empire-commits/200911.mbox/<20091117230603.AD92423889B5@eris.apache.org>,francis de brabandere
Tue Nov 17 23:06:03 2009,http://mail-archives.apache.org/mod_mbox/empire-commits/200911.mbox/<20091117230603.AD92423889B5@eris.apache.org>,francis de brabandere
Tue Nov 17 23:06:03 2009,http://mail-archives.apache.org/mod_mbox/empire-commits/200911.mbox/<20091117230603.AD92423889B5@eris.apache.org>,francis de brabandere
Tue Nov 17 23:06:03 2009,http://mail-archives.apache.org/mod_mbox/empire-commits/200911.mbox/<20091117230603.AD92423889B5@eris.apache.org>,francis de brabandere
Tue Nov 17 23:06:03 2009,http://mail-archives.apache.org/mod_mbox/empire-commits/200911.mbox/<20091117230603.AD92423889B5@eris.apache.org>,francis de brabandere
Tue Nov 17 23:06:03 2009,http://mail-archives.apache.org/mod_mbox/empire-commits/200911.mbox/<20091117230603.AD92423889B5@eris.apache.org>,francis de brabandere
Tue Nov 17 23:06:03 2009,http://mail-archives.apache.org/mod_mbox/empire-commits/200911.mbox/<20091117230603.AD92423889B5@eris.apache.org>,francis de brabandere
Tue Nov 17 23:06:03 2009,http://mail-archives.apache.org/mod_mbox/empire-commits/200911.mbox/<20091117230603.AD92423889B5@eris.apache.org>,francis de brabandere
Tue Nov 17 23:56:48 2009,http://mail-archives.apache.org/mod_mbox/empire-commits/200911.mbox/<20091117235648.A9CA423888FD@eris.apache.org>,francis de brabandere
Tue Nov 17 23:56:48 2009,http://mail-archives.apache.org/mod_mbox/empire-commits/200911.mbox/<20091117235648.A9CA423888FD@eris.apache.org>,francis de brabandere
Tue Nov 17 23:56:48 2009,http://mail-archives.apache.org/mod_mbox/empire-commits/200911.mbox/<20091117235648.A9CA423888FD@eris.apache.org>,francis de brabandere
Tue Nov 17 23:56:48 2009,http://mail-archives.apache.org/mod_mbox/empire-commits/200911.mbox/<20091117235648.A9CA423888FD@eris.apache.org>,francis de brabandere
Tue Nov 17 23:56:48 2009,http://mail-archives.apache.org/mod_mbox/empire-commits/200911.mbox/<20091117235648.A9CA423888FD@eris.apache.org>,francis de brabandere
Tue Nov 17 23:56:48 2009,http://mail-archives.apache.org/mod_mbox/empire-commits/200911.mbox/<20091117235648.A9CA423888FD@eris.apache.org>,francis de brabandere
Tue Nov 17 23:56:48 2009,http://mail-archives.apache.org/mod_mbox/empire-commits/200911.mbox/<20091117235648.A9CA423888FD@eris.apache.org>,francis de brabandere
Thu Nov 19 07:08:38 2009,http://mail-archives.apache.org/mod_mbox/empire-commits/200911.mbox/<20091119070841.BE1C1238888E@eris.apache.org>,francis de brabandere
Thu Nov 19 07:08:38 2009,http://mail-archives.apache.org/mod_mbox/empire-commits/200911.mbox/<20091119070841.BE1C1238888E@eris.apache.org>,francis de brabandere
Thu Nov 19 07:08:38 2009,http://mail-archives.apache.org/mod_mbox/empire-commits/200911.mbox/<20091119070841.BE1C1238888E@eris.apache.org>,francis de brabandere
Thu Nov 19 07:08:38 2009,http://mail-archives.apache.org/mod_mbox/empire-commits/200911.mbox/<20091119070841.BE1C1238888E@eris.apache.org>,francis de brabandere
Thu Nov 19 07:08:38 2009,http://mail-archives.apache.org/mod_mbox/empire-commits/200911.mbox/<20091119070841.BE1C1238888E@eris.apache.org>,francis de brabandere
Thu Nov 19 07:08:38 2009,http://mail-archives.apache.org/mod_mbox/empire-commits/200911.mbox/<20091119070841.BE1C1238888E@eris.apache.org>,francis de brabandere
Thu Nov 19 07:08:38 2009,http://mail-archives.apache.org/mod_mbox/empire-commits/200911.mbox/<20091119070841.BE1C1238888E@eris.apache.org>,francis de brabandere
Thu Nov 19 07:08:38 2009,http://mail-archives.apache.org/mod_mbox/empire-commits/200911.mbox/<20091119070841.BE1C1238888E@eris.apache.org>,francis de brabandere
Thu Nov 19 07:08:38 2009,http://mail-archives.apache.org/mod_mbox/empire-commits/200911.mbox/<20091119070841.BE1C1238888E@eris.apache.org>,francis de brabandere
Thu Nov 19 12:33:23 2009,http://mail-archives.apache.org/mod_mbox/empire-commits/200911.mbox/<20091119123323.A3CEB2388998@eris.apache.org>,francis de brabandere
Thu Nov 19 15:05:04 2009,http://mail-archives.apache.org/mod_mbox/empire-commits/200911.mbox/<20091119150505.1DA5923888D4@eris.apache.org>,francis de brabandere
Thu Nov 19 15:05:04 2009,http://mail-archives.apache.org/mod_mbox/empire-commits/200911.mbox/<20091119150505.1DA5923888D4@eris.apache.org>,francis de brabandere
Thu Nov 19 15:05:04 2009,http://mail-archives.apache.org/mod_mbox/empire-commits/200911.mbox/<20091119150505.1DA5923888D4@eris.apache.org>,francis de brabandere
Thu Nov 19 15:05:04 2009,http://mail-archives.apache.org/mod_mbox/empire-commits/200911.mbox/<20091119150505.1DA5923888D4@eris.apache.org>,francis de brabandere
Thu Nov 19 15:32:36 2009,http://mail-archives.apache.org/mod_mbox/empire-commits/200911.mbox/<20091119153236.27FB623888FD@eris.apache.org>,francis de brabandere
Thu Nov 19 15:33:36 2009,http://mail-archives.apache.org/mod_mbox/empire-commits/200911.mbox/<20091119153336.6A0FF23889B5@eris.apache.org>,francis de brabandere
Thu Nov 19 22:54:38 2009,http://mail-archives.apache.org/mod_mbox/empire-commits/200911.mbox/<20091119225439.12BAA238888E@eris.apache.org>,francis de brabandere
Thu Nov 19 22:54:38 2009,http://mail-archives.apache.org/mod_mbox/empire-commits/200911.mbox/<20091119225439.12BAA238888E@eris.apache.org>,francis de brabandere
Thu Nov 19 22:54:38 2009,http://mail-archives.apache.org/mod_mbox/empire-commits/200911.mbox/<20091119225439.12BAA238888E@eris.apache.org>,francis de brabandere
Thu Nov 19 22:54:38 2009,http://mail-archives.apache.org/mod_mbox/empire-commits/200911.mbox/<20091119225439.12BAA238888E@eris.apache.org>,francis de brabandere
Thu Nov 19 22:54:38 2009,http://mail-archives.apache.org/mod_mbox/empire-commits/200911.mbox/<20091119225439.12BAA238888E@eris.apache.org>,francis de brabandere
Thu Nov 19 22:54:38 2009,http://mail-archives.apache.org/mod_mbox/empire-commits/200911.mbox/<20091119225439.12BAA238888E@eris.apache.org>,francis de brabandere
Thu Nov 19 23:03:29 2009,http://mail-archives.apache.org/mod_mbox/empire-commits/200911.mbox/<20091119230329.E5A1F238888F@eris.apache.org>,francis de brabandere
Thu Nov 19 23:33:43 2009,http://mail-archives.apache.org/mod_mbox/empire-commits/200911.mbox/<20091119233343.F397D23888CF@eris.apache.org>,francis de brabandere
Sat Nov 21 11:29:48 2009,http://mail-archives.apache.org/mod_mbox/empire-commits/200911.mbox/<20091121112948.DDC7023888CF@eris.apache.org>,francis de brabandere
Sat Nov 21 11:29:48 2009,http://mail-archives.apache.org/mod_mbox/empire-commits/200911.mbox/<20091121112948.DDC7023888CF@eris.apache.org>,francis de brabandere
Sat Nov 21 11:29:48 2009,http://mail-archives.apache.org/mod_mbox/empire-commits/200911.mbox/<20091121112948.DDC7023888CF@eris.apache.org>,francis de brabandere
