human_date_time,link,dealised_author_full_name
Thu Nov  7 12:41:00 2013,http://mail-archives.apache.org/mod_mbox/olingo-commits/201311.mbox/<968948b9264d4327a4e9ff51825a0866@git.apache.org>,christian amend
Thu Nov  7 12:41:00 2013,http://mail-archives.apache.org/mod_mbox/olingo-commits/201311.mbox/<968948b9264d4327a4e9ff51825a0866@git.apache.org>,christian amend
Thu Nov  7 12:41:00 2013,http://mail-archives.apache.org/mod_mbox/olingo-commits/201311.mbox/<968948b9264d4327a4e9ff51825a0866@git.apache.org>,christian amend
Thu Nov  7 12:41:00 2013,http://mail-archives.apache.org/mod_mbox/olingo-commits/201311.mbox/<968948b9264d4327a4e9ff51825a0866@git.apache.org>,christian amend
Thu Nov  7 12:41:00 2013,http://mail-archives.apache.org/mod_mbox/olingo-commits/201311.mbox/<968948b9264d4327a4e9ff51825a0866@git.apache.org>,christian amend
Thu Nov  7 12:41:00 2013,http://mail-archives.apache.org/mod_mbox/olingo-commits/201311.mbox/<968948b9264d4327a4e9ff51825a0866@git.apache.org>,christian amend
Tue Nov 12 09:37:01 2013,http://mail-archives.apache.org/mod_mbox/olingo-commits/201311.mbox/<8d8ca37ce2fd4778a5658e0fd723a1bf@git.apache.org>,christian amend
Tue Nov 12 09:37:01 2013,http://mail-archives.apache.org/mod_mbox/olingo-commits/201311.mbox/<8d8ca37ce2fd4778a5658e0fd723a1bf@git.apache.org>,christian amend
Tue Nov 12 09:37:01 2013,http://mail-archives.apache.org/mod_mbox/olingo-commits/201311.mbox/<8d8ca37ce2fd4778a5658e0fd723a1bf@git.apache.org>,christian amend
Tue Nov 12 09:37:01 2013,http://mail-archives.apache.org/mod_mbox/olingo-commits/201311.mbox/<8d8ca37ce2fd4778a5658e0fd723a1bf@git.apache.org>,christian amend
Tue Nov 12 09:37:01 2013,http://mail-archives.apache.org/mod_mbox/olingo-commits/201311.mbox/<8d8ca37ce2fd4778a5658e0fd723a1bf@git.apache.org>,christian amend
Tue Nov 12 09:37:01 2013,http://mail-archives.apache.org/mod_mbox/olingo-commits/201311.mbox/<8d8ca37ce2fd4778a5658e0fd723a1bf@git.apache.org>,christian amend
Tue Nov 12 09:37:01 2013,http://mail-archives.apache.org/mod_mbox/olingo-commits/201311.mbox/<8d8ca37ce2fd4778a5658e0fd723a1bf@git.apache.org>,christian amend
Tue Nov 12 09:37:01 2013,http://mail-archives.apache.org/mod_mbox/olingo-commits/201311.mbox/<8d8ca37ce2fd4778a5658e0fd723a1bf@git.apache.org>,christian amend
Tue Nov 12 09:37:01 2013,http://mail-archives.apache.org/mod_mbox/olingo-commits/201311.mbox/<8d8ca37ce2fd4778a5658e0fd723a1bf@git.apache.org>,christian amend
Tue Nov 12 09:37:01 2013,http://mail-archives.apache.org/mod_mbox/olingo-commits/201311.mbox/<8d8ca37ce2fd4778a5658e0fd723a1bf@git.apache.org>,christian amend
Wed Nov 13 14:37:17 2013,http://mail-archives.apache.org/mod_mbox/olingo-commits/201311.mbox/<52acd6c9d5244ead8a9bc1c39a5056a3@git.apache.org>,christian amend
Wed Nov 13 14:37:17 2013,http://mail-archives.apache.org/mod_mbox/olingo-commits/201311.mbox/<52acd6c9d5244ead8a9bc1c39a5056a3@git.apache.org>,christian amend
Wed Nov 13 14:37:17 2013,http://mail-archives.apache.org/mod_mbox/olingo-commits/201311.mbox/<52acd6c9d5244ead8a9bc1c39a5056a3@git.apache.org>,christian amend
Wed Nov 13 14:37:17 2013,http://mail-archives.apache.org/mod_mbox/olingo-commits/201311.mbox/<52acd6c9d5244ead8a9bc1c39a5056a3@git.apache.org>,christian amend
Wed Nov 13 14:37:17 2013,http://mail-archives.apache.org/mod_mbox/olingo-commits/201311.mbox/<52acd6c9d5244ead8a9bc1c39a5056a3@git.apache.org>,christian amend
Wed Nov 13 14:37:17 2013,http://mail-archives.apache.org/mod_mbox/olingo-commits/201311.mbox/<52acd6c9d5244ead8a9bc1c39a5056a3@git.apache.org>,christian amend
Wed Nov 13 14:37:17 2013,http://mail-archives.apache.org/mod_mbox/olingo-commits/201311.mbox/<52acd6c9d5244ead8a9bc1c39a5056a3@git.apache.org>,christian amend
Wed Nov 13 14:37:17 2013,http://mail-archives.apache.org/mod_mbox/olingo-commits/201311.mbox/<52acd6c9d5244ead8a9bc1c39a5056a3@git.apache.org>,christian amend
Thu Nov 14 16:49:14 2013,http://mail-archives.apache.org/mod_mbox/olingo-commits/201311.mbox/<9c91db136a5c40fe96f90db5061491a0@git.apache.org>,christian amend
Thu Nov 14 16:49:14 2013,http://mail-archives.apache.org/mod_mbox/olingo-commits/201311.mbox/<9c91db136a5c40fe96f90db5061491a0@git.apache.org>,christian amend
Thu Nov 14 16:49:14 2013,http://mail-archives.apache.org/mod_mbox/olingo-commits/201311.mbox/<9c91db136a5c40fe96f90db5061491a0@git.apache.org>,christian amend
Thu Nov 14 16:49:14 2013,http://mail-archives.apache.org/mod_mbox/olingo-commits/201311.mbox/<9c91db136a5c40fe96f90db5061491a0@git.apache.org>,christian amend
Thu Nov 14 16:49:14 2013,http://mail-archives.apache.org/mod_mbox/olingo-commits/201311.mbox/<9c91db136a5c40fe96f90db5061491a0@git.apache.org>,christian amend
Thu Nov 14 16:49:14 2013,http://mail-archives.apache.org/mod_mbox/olingo-commits/201311.mbox/<9c91db136a5c40fe96f90db5061491a0@git.apache.org>,christian amend
Thu Nov 14 16:49:14 2013,http://mail-archives.apache.org/mod_mbox/olingo-commits/201311.mbox/<9c91db136a5c40fe96f90db5061491a0@git.apache.org>,christian amend
Thu Nov 14 16:49:14 2013,http://mail-archives.apache.org/mod_mbox/olingo-commits/201311.mbox/<9c91db136a5c40fe96f90db5061491a0@git.apache.org>,christian amend
Thu Nov 14 16:49:14 2013,http://mail-archives.apache.org/mod_mbox/olingo-commits/201311.mbox/<9c91db136a5c40fe96f90db5061491a0@git.apache.org>,christian amend
Thu Nov 14 16:49:14 2013,http://mail-archives.apache.org/mod_mbox/olingo-commits/201311.mbox/<9c91db136a5c40fe96f90db5061491a0@git.apache.org>,christian amend
Fri Nov 15 12:33:08 2013,http://mail-archives.apache.org/mod_mbox/olingo-commits/201311.mbox/<feabf50c182f4a6dbbf7742955ea3202@git.apache.org>,christian amend
Fri Nov 15 12:33:08 2013,http://mail-archives.apache.org/mod_mbox/olingo-commits/201311.mbox/<feabf50c182f4a6dbbf7742955ea3202@git.apache.org>,christian amend
Thu Nov 28 13:57:07 2013,http://mail-archives.apache.org/mod_mbox/olingo-commits/201311.mbox/<684dffc88675439a93607a8222873f49@git.apache.org>,christian amend
Thu Nov 28 13:57:07 2013,http://mail-archives.apache.org/mod_mbox/olingo-commits/201311.mbox/<684dffc88675439a93607a8222873f49@git.apache.org>,christian amend
Thu Nov 28 13:57:07 2013,http://mail-archives.apache.org/mod_mbox/olingo-commits/201311.mbox/<684dffc88675439a93607a8222873f49@git.apache.org>,christian amend
Thu Nov 28 13:57:07 2013,http://mail-archives.apache.org/mod_mbox/olingo-commits/201311.mbox/<684dffc88675439a93607a8222873f49@git.apache.org>,christian amend
Thu Nov 28 13:57:07 2013,http://mail-archives.apache.org/mod_mbox/olingo-commits/201311.mbox/<684dffc88675439a93607a8222873f49@git.apache.org>,christian amend
Thu Nov 28 13:57:07 2013,http://mail-archives.apache.org/mod_mbox/olingo-commits/201311.mbox/<684dffc88675439a93607a8222873f49@git.apache.org>,christian amend
Thu Nov 28 13:57:07 2013,http://mail-archives.apache.org/mod_mbox/olingo-commits/201311.mbox/<684dffc88675439a93607a8222873f49@git.apache.org>,christian amend
Thu Nov 28 13:57:07 2013,http://mail-archives.apache.org/mod_mbox/olingo-commits/201311.mbox/<684dffc88675439a93607a8222873f49@git.apache.org>,christian amend
Thu Nov 28 13:57:07 2013,http://mail-archives.apache.org/mod_mbox/olingo-commits/201311.mbox/<684dffc88675439a93607a8222873f49@git.apache.org>,christian amend
Thu Nov 28 13:57:07 2013,http://mail-archives.apache.org/mod_mbox/olingo-commits/201311.mbox/<684dffc88675439a93607a8222873f49@git.apache.org>,christian amend
Thu Nov 28 13:57:07 2013,http://mail-archives.apache.org/mod_mbox/olingo-commits/201311.mbox/<684dffc88675439a93607a8222873f49@git.apache.org>,christian amend
Thu Nov 28 13:57:07 2013,http://mail-archives.apache.org/mod_mbox/olingo-commits/201311.mbox/<684dffc88675439a93607a8222873f49@git.apache.org>,christian amend
Thu Nov 28 13:57:07 2013,http://mail-archives.apache.org/mod_mbox/olingo-commits/201311.mbox/<684dffc88675439a93607a8222873f49@git.apache.org>,christian amend
Thu Nov 28 13:57:07 2013,http://mail-archives.apache.org/mod_mbox/olingo-commits/201311.mbox/<684dffc88675439a93607a8222873f49@git.apache.org>,christian amend
Thu Nov 28 13:57:07 2013,http://mail-archives.apache.org/mod_mbox/olingo-commits/201311.mbox/<684dffc88675439a93607a8222873f49@git.apache.org>,christian amend
Thu Nov 28 13:57:07 2013,http://mail-archives.apache.org/mod_mbox/olingo-commits/201311.mbox/<684dffc88675439a93607a8222873f49@git.apache.org>,christian amend
Thu Nov 28 13:57:07 2013,http://mail-archives.apache.org/mod_mbox/olingo-commits/201311.mbox/<684dffc88675439a93607a8222873f49@git.apache.org>,christian amend
Thu Nov 28 13:57:07 2013,http://mail-archives.apache.org/mod_mbox/olingo-commits/201311.mbox/<684dffc88675439a93607a8222873f49@git.apache.org>,christian amend
Thu Nov 28 13:57:07 2013,http://mail-archives.apache.org/mod_mbox/olingo-commits/201311.mbox/<684dffc88675439a93607a8222873f49@git.apache.org>,christian amend
Thu Nov 28 13:57:07 2013,http://mail-archives.apache.org/mod_mbox/olingo-commits/201311.mbox/<684dffc88675439a93607a8222873f49@git.apache.org>,christian amend
Thu Nov 28 13:57:07 2013,http://mail-archives.apache.org/mod_mbox/olingo-commits/201311.mbox/<684dffc88675439a93607a8222873f49@git.apache.org>,christian amend
Thu Nov 28 13:57:07 2013,http://mail-archives.apache.org/mod_mbox/olingo-commits/201311.mbox/<684dffc88675439a93607a8222873f49@git.apache.org>,christian amend
Thu Nov 28 13:57:07 2013,http://mail-archives.apache.org/mod_mbox/olingo-commits/201311.mbox/<684dffc88675439a93607a8222873f49@git.apache.org>,christian amend
Thu Nov 28 13:57:07 2013,http://mail-archives.apache.org/mod_mbox/olingo-commits/201311.mbox/<684dffc88675439a93607a8222873f49@git.apache.org>,christian amend
Thu Nov 28 13:57:07 2013,http://mail-archives.apache.org/mod_mbox/olingo-commits/201311.mbox/<684dffc88675439a93607a8222873f49@git.apache.org>,christian amend
Thu Nov 28 13:57:07 2013,http://mail-archives.apache.org/mod_mbox/olingo-commits/201311.mbox/<684dffc88675439a93607a8222873f49@git.apache.org>,christian amend
Thu Nov 28 13:57:07 2013,http://mail-archives.apache.org/mod_mbox/olingo-commits/201311.mbox/<684dffc88675439a93607a8222873f49@git.apache.org>,christian amend
Thu Nov 28 13:57:07 2013,http://mail-archives.apache.org/mod_mbox/olingo-commits/201311.mbox/<684dffc88675439a93607a8222873f49@git.apache.org>,christian amend
Thu Nov 28 13:57:07 2013,http://mail-archives.apache.org/mod_mbox/olingo-commits/201311.mbox/<684dffc88675439a93607a8222873f49@git.apache.org>,christian amend
Thu Nov 28 13:57:07 2013,http://mail-archives.apache.org/mod_mbox/olingo-commits/201311.mbox/<684dffc88675439a93607a8222873f49@git.apache.org>,christian amend
Thu Nov 28 13:57:07 2013,http://mail-archives.apache.org/mod_mbox/olingo-commits/201311.mbox/<684dffc88675439a93607a8222873f49@git.apache.org>,christian amend
Thu Nov 28 13:57:07 2013,http://mail-archives.apache.org/mod_mbox/olingo-commits/201311.mbox/<684dffc88675439a93607a8222873f49@git.apache.org>,christian amend
Thu Nov 28 13:57:07 2013,http://mail-archives.apache.org/mod_mbox/olingo-commits/201311.mbox/<684dffc88675439a93607a8222873f49@git.apache.org>,christian amend
Thu Nov 28 13:57:07 2013,http://mail-archives.apache.org/mod_mbox/olingo-commits/201311.mbox/<684dffc88675439a93607a8222873f49@git.apache.org>,christian amend
Thu Nov 28 13:57:07 2013,http://mail-archives.apache.org/mod_mbox/olingo-commits/201311.mbox/<684dffc88675439a93607a8222873f49@git.apache.org>,christian amend
Thu Nov 28 13:57:07 2013,http://mail-archives.apache.org/mod_mbox/olingo-commits/201311.mbox/<684dffc88675439a93607a8222873f49@git.apache.org>,christian amend
Thu Nov 28 13:57:07 2013,http://mail-archives.apache.org/mod_mbox/olingo-commits/201311.mbox/<684dffc88675439a93607a8222873f49@git.apache.org>,christian amend
Thu Nov 28 13:57:07 2013,http://mail-archives.apache.org/mod_mbox/olingo-commits/201311.mbox/<684dffc88675439a93607a8222873f49@git.apache.org>,christian amend
Thu Nov 28 13:57:07 2013,http://mail-archives.apache.org/mod_mbox/olingo-commits/201311.mbox/<684dffc88675439a93607a8222873f49@git.apache.org>,christian amend
Thu Nov 28 13:57:07 2013,http://mail-archives.apache.org/mod_mbox/olingo-commits/201311.mbox/<684dffc88675439a93607a8222873f49@git.apache.org>,christian amend
Thu Nov 28 13:57:07 2013,http://mail-archives.apache.org/mod_mbox/olingo-commits/201311.mbox/<684dffc88675439a93607a8222873f49@git.apache.org>,christian amend
