human_date_time,link,dealised_author_full_name
Mon Jan 15 08:40:26 2018,http://mail-archives.apache.org/mod_mbox/airflow-dev/201801.mbox/<HE1PR0602MB28909D713EDF8A9FFC66BEC2B8EB0@HE1PR0602MB2890.eurprd06.prod.outlook.com>,ekc
