human_date_time,link,dealised_author_full_name
Tue Jun 12 15:03:28 2007,http://mail-archives.apache.org/mod_mbox/xap-dev/200706.mbox/<7822903.1181685808521.JavaMail.jira@brutus>,james margaris
Tue Jun 12 15:05:28 2007,http://mail-archives.apache.org/mod_mbox/xap-dev/200706.mbox/<13126927.1181685928635.JavaMail.jira@brutus>,james margaris
Wed Jun 20 13:44:25 2007,http://mail-archives.apache.org/mod_mbox/xap-dev/200706.mbox/<27931890.1182372265857.JavaMail.jira@brutus>,james margaris
Wed Jun 20 13:56:26 2007,http://mail-archives.apache.org/mod_mbox/xap-dev/200706.mbox/<452876.1182372986149.JavaMail.jira@brutus>,james margaris
Wed Jun 20 14:04:26 2007,http://mail-archives.apache.org/mod_mbox/xap-dev/200706.mbox/<19430183.1182373466143.JavaMail.jira@brutus>,james margaris
Wed Jun 20 14:10:25 2007,http://mail-archives.apache.org/mod_mbox/xap-dev/200706.mbox/<17021148.1182373825944.JavaMail.jira@brutus>,james margaris
Wed Jun 20 14:26:25 2007,http://mail-archives.apache.org/mod_mbox/xap-dev/200706.mbox/<17155171.1182374785866.JavaMail.jira@brutus>,james margaris
Wed Jun 20 15:42:25 2007,http://mail-archives.apache.org/mod_mbox/xap-dev/200706.mbox/<1794552.1182379345861.JavaMail.jira@brutus>,james margaris
Wed Jun 20 16:09:25 2007,http://mail-archives.apache.org/mod_mbox/xap-dev/200706.mbox/<30903857.1182380965877.JavaMail.jira@brutus>,james margaris
