human_date_time,link,dealised_author_full_name
Sun Dec  2 21:33:46 2012,http://mail-archives.apache.org/mod_mbox/kalumet-commits/201212.mbox/<20121202213348.879D42388906@eris.apache.org>,jean-baptiste onofré
Sun Dec  2 21:33:46 2012,http://mail-archives.apache.org/mod_mbox/kalumet-commits/201212.mbox/<20121202213348.879D42388906@eris.apache.org>,jean-baptiste onofré
Sun Dec  2 21:33:46 2012,http://mail-archives.apache.org/mod_mbox/kalumet-commits/201212.mbox/<20121202213348.879D42388906@eris.apache.org>,jean-baptiste onofré
Sun Dec  2 21:33:46 2012,http://mail-archives.apache.org/mod_mbox/kalumet-commits/201212.mbox/<20121202213348.879D42388906@eris.apache.org>,jean-baptiste onofré
Sun Dec  2 21:33:46 2012,http://mail-archives.apache.org/mod_mbox/kalumet-commits/201212.mbox/<20121202213348.879D42388906@eris.apache.org>,jean-baptiste onofré
Sun Dec  2 21:33:46 2012,http://mail-archives.apache.org/mod_mbox/kalumet-commits/201212.mbox/<20121202213348.879D42388906@eris.apache.org>,jean-baptiste onofré
Sun Dec  2 21:33:46 2012,http://mail-archives.apache.org/mod_mbox/kalumet-commits/201212.mbox/<20121202213348.879D42388906@eris.apache.org>,jean-baptiste onofré
Sun Dec  2 21:33:46 2012,http://mail-archives.apache.org/mod_mbox/kalumet-commits/201212.mbox/<20121202213348.879D42388906@eris.apache.org>,jean-baptiste onofré
Sun Dec  2 21:33:46 2012,http://mail-archives.apache.org/mod_mbox/kalumet-commits/201212.mbox/<20121202213348.879D42388906@eris.apache.org>,jean-baptiste onofré
Sun Dec  2 21:33:46 2012,http://mail-archives.apache.org/mod_mbox/kalumet-commits/201212.mbox/<20121202213348.879D42388906@eris.apache.org>,jean-baptiste onofré
Sun Dec  2 21:33:46 2012,http://mail-archives.apache.org/mod_mbox/kalumet-commits/201212.mbox/<20121202213348.879D42388906@eris.apache.org>,jean-baptiste onofré
Sun Dec  2 21:33:46 2012,http://mail-archives.apache.org/mod_mbox/kalumet-commits/201212.mbox/<20121202213348.879D42388906@eris.apache.org>,jean-baptiste onofré
Sun Dec  2 21:33:46 2012,http://mail-archives.apache.org/mod_mbox/kalumet-commits/201212.mbox/<20121202213348.879D42388906@eris.apache.org>,jean-baptiste onofré
Sun Dec  2 21:33:46 2012,http://mail-archives.apache.org/mod_mbox/kalumet-commits/201212.mbox/<20121202213348.879D42388906@eris.apache.org>,jean-baptiste onofré
Sun Dec  2 21:33:46 2012,http://mail-archives.apache.org/mod_mbox/kalumet-commits/201212.mbox/<20121202213348.879D42388906@eris.apache.org>,jean-baptiste onofré
Sun Dec  2 21:33:46 2012,http://mail-archives.apache.org/mod_mbox/kalumet-commits/201212.mbox/<20121202213348.879D42388906@eris.apache.org>,jean-baptiste onofré
Sun Dec  2 21:33:46 2012,http://mail-archives.apache.org/mod_mbox/kalumet-commits/201212.mbox/<20121202213348.879D42388906@eris.apache.org>,jean-baptiste onofré
Sun Dec  2 21:33:46 2012,http://mail-archives.apache.org/mod_mbox/kalumet-commits/201212.mbox/<20121202213348.879D42388906@eris.apache.org>,jean-baptiste onofré
Sun Dec  2 21:33:46 2012,http://mail-archives.apache.org/mod_mbox/kalumet-commits/201212.mbox/<20121202213348.879D42388906@eris.apache.org>,jean-baptiste onofré
Sun Dec  2 21:33:46 2012,http://mail-archives.apache.org/mod_mbox/kalumet-commits/201212.mbox/<20121202213348.879D42388906@eris.apache.org>,jean-baptiste onofré
Sun Dec  2 21:33:46 2012,http://mail-archives.apache.org/mod_mbox/kalumet-commits/201212.mbox/<20121202213348.879D42388906@eris.apache.org>,jean-baptiste onofré
Sun Dec  2 21:33:46 2012,http://mail-archives.apache.org/mod_mbox/kalumet-commits/201212.mbox/<20121202213348.879D42388906@eris.apache.org>,jean-baptiste onofré
Sun Dec  2 21:33:46 2012,http://mail-archives.apache.org/mod_mbox/kalumet-commits/201212.mbox/<20121202213348.879D42388906@eris.apache.org>,jean-baptiste onofré
Sun Dec  2 21:33:46 2012,http://mail-archives.apache.org/mod_mbox/kalumet-commits/201212.mbox/<20121202213348.879D42388906@eris.apache.org>,jean-baptiste onofré
Sun Dec  2 21:33:46 2012,http://mail-archives.apache.org/mod_mbox/kalumet-commits/201212.mbox/<20121202213348.879D42388906@eris.apache.org>,jean-baptiste onofré
Sun Dec  2 21:33:46 2012,http://mail-archives.apache.org/mod_mbox/kalumet-commits/201212.mbox/<20121202213348.879D42388906@eris.apache.org>,jean-baptiste onofré
Sun Dec  2 21:33:46 2012,http://mail-archives.apache.org/mod_mbox/kalumet-commits/201212.mbox/<20121202213348.879D42388906@eris.apache.org>,jean-baptiste onofré
Sun Dec  2 21:33:46 2012,http://mail-archives.apache.org/mod_mbox/kalumet-commits/201212.mbox/<20121202213348.879D42388906@eris.apache.org>,jean-baptiste onofré
Sun Dec  2 21:33:46 2012,http://mail-archives.apache.org/mod_mbox/kalumet-commits/201212.mbox/<20121202213348.879D42388906@eris.apache.org>,jean-baptiste onofré
Sun Dec  2 21:33:46 2012,http://mail-archives.apache.org/mod_mbox/kalumet-commits/201212.mbox/<20121202213348.879D42388906@eris.apache.org>,jean-baptiste onofré
Sun Dec  2 21:33:46 2012,http://mail-archives.apache.org/mod_mbox/kalumet-commits/201212.mbox/<20121202213348.879D42388906@eris.apache.org>,jean-baptiste onofré
Sun Dec  2 21:33:46 2012,http://mail-archives.apache.org/mod_mbox/kalumet-commits/201212.mbox/<20121202213348.879D42388906@eris.apache.org>,jean-baptiste onofré
Sun Dec  2 21:33:46 2012,http://mail-archives.apache.org/mod_mbox/kalumet-commits/201212.mbox/<20121202213348.879D42388906@eris.apache.org>,jean-baptiste onofré
Sun Dec  2 21:33:46 2012,http://mail-archives.apache.org/mod_mbox/kalumet-commits/201212.mbox/<20121202213348.879D42388906@eris.apache.org>,jean-baptiste onofré
Sun Dec  2 21:33:46 2012,http://mail-archives.apache.org/mod_mbox/kalumet-commits/201212.mbox/<20121202213348.879D42388906@eris.apache.org>,jean-baptiste onofré
Sun Dec  2 21:33:46 2012,http://mail-archives.apache.org/mod_mbox/kalumet-commits/201212.mbox/<20121202213348.879D42388906@eris.apache.org>,jean-baptiste onofré
Sun Dec  2 21:33:46 2012,http://mail-archives.apache.org/mod_mbox/kalumet-commits/201212.mbox/<20121202213348.879D42388906@eris.apache.org>,jean-baptiste onofré
Sun Dec  2 21:33:46 2012,http://mail-archives.apache.org/mod_mbox/kalumet-commits/201212.mbox/<20121202213348.879D42388906@eris.apache.org>,jean-baptiste onofré
Sun Dec  2 21:33:46 2012,http://mail-archives.apache.org/mod_mbox/kalumet-commits/201212.mbox/<20121202213348.879D42388906@eris.apache.org>,jean-baptiste onofré
Sun Dec  2 21:33:46 2012,http://mail-archives.apache.org/mod_mbox/kalumet-commits/201212.mbox/<20121202213348.879D42388906@eris.apache.org>,jean-baptiste onofré
Sun Dec  2 21:33:46 2012,http://mail-archives.apache.org/mod_mbox/kalumet-commits/201212.mbox/<20121202213348.879D42388906@eris.apache.org>,jean-baptiste onofré
Mon Dec  3 06:45:26 2012,http://mail-archives.apache.org/mod_mbox/kalumet-commits/201212.mbox/<20121203064527.440A623889BF@eris.apache.org>,jean-baptiste onofré
Mon Dec  3 06:45:26 2012,http://mail-archives.apache.org/mod_mbox/kalumet-commits/201212.mbox/<20121203064527.440A623889BF@eris.apache.org>,jean-baptiste onofré
Mon Dec  3 06:45:26 2012,http://mail-archives.apache.org/mod_mbox/kalumet-commits/201212.mbox/<20121203064527.440A623889BF@eris.apache.org>,jean-baptiste onofré
Mon Dec  3 06:45:26 2012,http://mail-archives.apache.org/mod_mbox/kalumet-commits/201212.mbox/<20121203064527.440A623889BF@eris.apache.org>,jean-baptiste onofré
Mon Dec  3 06:45:26 2012,http://mail-archives.apache.org/mod_mbox/kalumet-commits/201212.mbox/<20121203064527.440A623889BF@eris.apache.org>,jean-baptiste onofré
Mon Dec  3 06:45:26 2012,http://mail-archives.apache.org/mod_mbox/kalumet-commits/201212.mbox/<20121203064527.440A623889BF@eris.apache.org>,jean-baptiste onofré
Mon Dec  3 06:45:26 2012,http://mail-archives.apache.org/mod_mbox/kalumet-commits/201212.mbox/<20121203064527.440A623889BF@eris.apache.org>,jean-baptiste onofré
Mon Dec  3 06:45:26 2012,http://mail-archives.apache.org/mod_mbox/kalumet-commits/201212.mbox/<20121203064527.440A623889BF@eris.apache.org>,jean-baptiste onofré
Mon Dec  3 06:45:26 2012,http://mail-archives.apache.org/mod_mbox/kalumet-commits/201212.mbox/<20121203064527.440A623889BF@eris.apache.org>,jean-baptiste onofré
Mon Dec  3 06:45:26 2012,http://mail-archives.apache.org/mod_mbox/kalumet-commits/201212.mbox/<20121203064527.440A623889BF@eris.apache.org>,jean-baptiste onofré
Mon Dec  3 06:45:26 2012,http://mail-archives.apache.org/mod_mbox/kalumet-commits/201212.mbox/<20121203064527.440A623889BF@eris.apache.org>,jean-baptiste onofré
Mon Dec  3 06:45:26 2012,http://mail-archives.apache.org/mod_mbox/kalumet-commits/201212.mbox/<20121203064527.440A623889BF@eris.apache.org>,jean-baptiste onofré
Mon Dec  3 06:45:26 2012,http://mail-archives.apache.org/mod_mbox/kalumet-commits/201212.mbox/<20121203064527.440A623889BF@eris.apache.org>,jean-baptiste onofré
Mon Dec  3 06:45:26 2012,http://mail-archives.apache.org/mod_mbox/kalumet-commits/201212.mbox/<20121203064527.440A623889BF@eris.apache.org>,jean-baptiste onofré
Mon Dec  3 06:45:26 2012,http://mail-archives.apache.org/mod_mbox/kalumet-commits/201212.mbox/<20121203064527.440A623889BF@eris.apache.org>,jean-baptiste onofré
Mon Dec  3 06:45:26 2012,http://mail-archives.apache.org/mod_mbox/kalumet-commits/201212.mbox/<20121203064527.440A623889BF@eris.apache.org>,jean-baptiste onofré
Mon Dec  3 06:45:26 2012,http://mail-archives.apache.org/mod_mbox/kalumet-commits/201212.mbox/<20121203064527.440A623889BF@eris.apache.org>,jean-baptiste onofré
Mon Dec  3 06:45:26 2012,http://mail-archives.apache.org/mod_mbox/kalumet-commits/201212.mbox/<20121203064527.440A623889BF@eris.apache.org>,jean-baptiste onofré
Mon Dec  3 06:45:26 2012,http://mail-archives.apache.org/mod_mbox/kalumet-commits/201212.mbox/<20121203064527.440A623889BF@eris.apache.org>,jean-baptiste onofré
Mon Dec  3 06:45:26 2012,http://mail-archives.apache.org/mod_mbox/kalumet-commits/201212.mbox/<20121203064527.440A623889BF@eris.apache.org>,jean-baptiste onofré
Mon Dec  3 06:45:26 2012,http://mail-archives.apache.org/mod_mbox/kalumet-commits/201212.mbox/<20121203064527.440A623889BF@eris.apache.org>,jean-baptiste onofré
Mon Dec  3 06:45:26 2012,http://mail-archives.apache.org/mod_mbox/kalumet-commits/201212.mbox/<20121203064527.440A623889BF@eris.apache.org>,jean-baptiste onofré
Mon Dec  3 06:45:26 2012,http://mail-archives.apache.org/mod_mbox/kalumet-commits/201212.mbox/<20121203064527.440A623889BF@eris.apache.org>,jean-baptiste onofré
Mon Dec  3 06:45:26 2012,http://mail-archives.apache.org/mod_mbox/kalumet-commits/201212.mbox/<20121203064527.440A623889BF@eris.apache.org>,jean-baptiste onofré
Mon Dec  3 06:45:26 2012,http://mail-archives.apache.org/mod_mbox/kalumet-commits/201212.mbox/<20121203064527.440A623889BF@eris.apache.org>,jean-baptiste onofré
Mon Dec  3 06:45:26 2012,http://mail-archives.apache.org/mod_mbox/kalumet-commits/201212.mbox/<20121203064527.440A623889BF@eris.apache.org>,jean-baptiste onofré
Mon Dec  3 06:45:26 2012,http://mail-archives.apache.org/mod_mbox/kalumet-commits/201212.mbox/<20121203064527.440A623889BF@eris.apache.org>,jean-baptiste onofré
Mon Dec  3 06:45:26 2012,http://mail-archives.apache.org/mod_mbox/kalumet-commits/201212.mbox/<20121203064527.440A623889BF@eris.apache.org>,jean-baptiste onofré
Mon Dec  3 06:45:26 2012,http://mail-archives.apache.org/mod_mbox/kalumet-commits/201212.mbox/<20121203064527.440A623889BF@eris.apache.org>,jean-baptiste onofré
Mon Dec  3 06:45:26 2012,http://mail-archives.apache.org/mod_mbox/kalumet-commits/201212.mbox/<20121203064527.440A623889BF@eris.apache.org>,jean-baptiste onofré
Mon Dec  3 06:45:26 2012,http://mail-archives.apache.org/mod_mbox/kalumet-commits/201212.mbox/<20121203064527.440A623889BF@eris.apache.org>,jean-baptiste onofré
Mon Dec  3 06:45:26 2012,http://mail-archives.apache.org/mod_mbox/kalumet-commits/201212.mbox/<20121203064527.440A623889BF@eris.apache.org>,jean-baptiste onofré
Mon Dec  3 06:45:26 2012,http://mail-archives.apache.org/mod_mbox/kalumet-commits/201212.mbox/<20121203064527.440A623889BF@eris.apache.org>,jean-baptiste onofré
Mon Dec  3 06:45:26 2012,http://mail-archives.apache.org/mod_mbox/kalumet-commits/201212.mbox/<20121203064527.440A623889BF@eris.apache.org>,jean-baptiste onofré
Mon Dec  3 06:45:26 2012,http://mail-archives.apache.org/mod_mbox/kalumet-commits/201212.mbox/<20121203064527.440A623889BF@eris.apache.org>,jean-baptiste onofré
Mon Dec  3 06:45:26 2012,http://mail-archives.apache.org/mod_mbox/kalumet-commits/201212.mbox/<20121203064527.440A623889BF@eris.apache.org>,jean-baptiste onofré
Mon Dec  3 06:45:26 2012,http://mail-archives.apache.org/mod_mbox/kalumet-commits/201212.mbox/<20121203064527.440A623889BF@eris.apache.org>,jean-baptiste onofré
Mon Dec  3 06:45:26 2012,http://mail-archives.apache.org/mod_mbox/kalumet-commits/201212.mbox/<20121203064527.440A623889BF@eris.apache.org>,jean-baptiste onofré
Mon Dec  3 06:45:26 2012,http://mail-archives.apache.org/mod_mbox/kalumet-commits/201212.mbox/<20121203064527.440A623889BF@eris.apache.org>,jean-baptiste onofré
Mon Dec  3 06:45:26 2012,http://mail-archives.apache.org/mod_mbox/kalumet-commits/201212.mbox/<20121203064527.440A623889BF@eris.apache.org>,jean-baptiste onofré
Mon Dec  3 06:45:26 2012,http://mail-archives.apache.org/mod_mbox/kalumet-commits/201212.mbox/<20121203064527.440A623889BF@eris.apache.org>,jean-baptiste onofré
Mon Dec  3 06:45:26 2012,http://mail-archives.apache.org/mod_mbox/kalumet-commits/201212.mbox/<20121203064527.440A623889BF@eris.apache.org>,jean-baptiste onofré
Mon Dec  3 06:45:26 2012,http://mail-archives.apache.org/mod_mbox/kalumet-commits/201212.mbox/<20121203064527.440A623889BF@eris.apache.org>,jean-baptiste onofré
Mon Dec  3 06:45:26 2012,http://mail-archives.apache.org/mod_mbox/kalumet-commits/201212.mbox/<20121203064527.440A623889BF@eris.apache.org>,jean-baptiste onofré
Mon Dec  3 06:45:26 2012,http://mail-archives.apache.org/mod_mbox/kalumet-commits/201212.mbox/<20121203064527.440A623889BF@eris.apache.org>,jean-baptiste onofré
Mon Dec  3 06:45:26 2012,http://mail-archives.apache.org/mod_mbox/kalumet-commits/201212.mbox/<20121203064527.440A623889BF@eris.apache.org>,jean-baptiste onofré
Mon Dec  3 06:45:26 2012,http://mail-archives.apache.org/mod_mbox/kalumet-commits/201212.mbox/<20121203064527.440A623889BF@eris.apache.org>,jean-baptiste onofré
Mon Dec  3 06:45:26 2012,http://mail-archives.apache.org/mod_mbox/kalumet-commits/201212.mbox/<20121203064527.440A623889BF@eris.apache.org>,jean-baptiste onofré
Mon Dec  3 06:45:26 2012,http://mail-archives.apache.org/mod_mbox/kalumet-commits/201212.mbox/<20121203064527.440A623889BF@eris.apache.org>,jean-baptiste onofré
Mon Dec  3 06:45:26 2012,http://mail-archives.apache.org/mod_mbox/kalumet-commits/201212.mbox/<20121203064527.440A623889BF@eris.apache.org>,jean-baptiste onofré
Mon Dec  3 06:45:26 2012,http://mail-archives.apache.org/mod_mbox/kalumet-commits/201212.mbox/<20121203064527.440A623889BF@eris.apache.org>,jean-baptiste onofré
Mon Dec  3 06:45:26 2012,http://mail-archives.apache.org/mod_mbox/kalumet-commits/201212.mbox/<20121203064527.440A623889BF@eris.apache.org>,jean-baptiste onofré
Mon Dec  3 06:45:26 2012,http://mail-archives.apache.org/mod_mbox/kalumet-commits/201212.mbox/<20121203064527.440A623889BF@eris.apache.org>,jean-baptiste onofré
Mon Dec  3 06:45:26 2012,http://mail-archives.apache.org/mod_mbox/kalumet-commits/201212.mbox/<20121203064527.440A623889BF@eris.apache.org>,jean-baptiste onofré
Mon Dec  3 06:45:26 2012,http://mail-archives.apache.org/mod_mbox/kalumet-commits/201212.mbox/<20121203064527.440A623889BF@eris.apache.org>,jean-baptiste onofré
Mon Dec  3 06:45:26 2012,http://mail-archives.apache.org/mod_mbox/kalumet-commits/201212.mbox/<20121203064527.440A623889BF@eris.apache.org>,jean-baptiste onofré
Mon Dec  3 06:45:26 2012,http://mail-archives.apache.org/mod_mbox/kalumet-commits/201212.mbox/<20121203064527.440A623889BF@eris.apache.org>,jean-baptiste onofré
Mon Dec  3 06:45:26 2012,http://mail-archives.apache.org/mod_mbox/kalumet-commits/201212.mbox/<20121203064527.440A623889BF@eris.apache.org>,jean-baptiste onofré
Mon Dec  3 06:45:26 2012,http://mail-archives.apache.org/mod_mbox/kalumet-commits/201212.mbox/<20121203064527.440A623889BF@eris.apache.org>,jean-baptiste onofré
Mon Dec  3 06:45:26 2012,http://mail-archives.apache.org/mod_mbox/kalumet-commits/201212.mbox/<20121203064527.440A623889BF@eris.apache.org>,jean-baptiste onofré
Mon Dec  3 06:45:26 2012,http://mail-archives.apache.org/mod_mbox/kalumet-commits/201212.mbox/<20121203064527.440A623889BF@eris.apache.org>,jean-baptiste onofré
Mon Dec  3 06:45:26 2012,http://mail-archives.apache.org/mod_mbox/kalumet-commits/201212.mbox/<20121203064527.440A623889BF@eris.apache.org>,jean-baptiste onofré
Mon Dec  3 06:45:26 2012,http://mail-archives.apache.org/mod_mbox/kalumet-commits/201212.mbox/<20121203064527.440A623889BF@eris.apache.org>,jean-baptiste onofré
Mon Dec  3 06:45:26 2012,http://mail-archives.apache.org/mod_mbox/kalumet-commits/201212.mbox/<20121203064527.440A623889BF@eris.apache.org>,jean-baptiste onofré
Mon Dec  3 06:45:26 2012,http://mail-archives.apache.org/mod_mbox/kalumet-commits/201212.mbox/<20121203064527.440A623889BF@eris.apache.org>,jean-baptiste onofré
Mon Dec  3 06:45:26 2012,http://mail-archives.apache.org/mod_mbox/kalumet-commits/201212.mbox/<20121203064527.440A623889BF@eris.apache.org>,jean-baptiste onofré
Mon Dec  3 06:45:26 2012,http://mail-archives.apache.org/mod_mbox/kalumet-commits/201212.mbox/<20121203064527.440A623889BF@eris.apache.org>,jean-baptiste onofré
Mon Dec  3 06:45:26 2012,http://mail-archives.apache.org/mod_mbox/kalumet-commits/201212.mbox/<20121203064527.440A623889BF@eris.apache.org>,jean-baptiste onofré
Mon Dec  3 06:45:26 2012,http://mail-archives.apache.org/mod_mbox/kalumet-commits/201212.mbox/<20121203064527.440A623889BF@eris.apache.org>,jean-baptiste onofré
Mon Dec  3 06:45:26 2012,http://mail-archives.apache.org/mod_mbox/kalumet-commits/201212.mbox/<20121203064527.440A623889BF@eris.apache.org>,jean-baptiste onofré
Mon Dec  3 06:45:26 2012,http://mail-archives.apache.org/mod_mbox/kalumet-commits/201212.mbox/<20121203064527.440A623889BF@eris.apache.org>,jean-baptiste onofré
Mon Dec  3 06:45:26 2012,http://mail-archives.apache.org/mod_mbox/kalumet-commits/201212.mbox/<20121203064527.440A623889BF@eris.apache.org>,jean-baptiste onofré
Mon Dec  3 06:45:26 2012,http://mail-archives.apache.org/mod_mbox/kalumet-commits/201212.mbox/<20121203064527.440A623889BF@eris.apache.org>,jean-baptiste onofré
Mon Dec  3 06:45:26 2012,http://mail-archives.apache.org/mod_mbox/kalumet-commits/201212.mbox/<20121203064527.440A623889BF@eris.apache.org>,jean-baptiste onofré
Mon Dec  3 06:45:26 2012,http://mail-archives.apache.org/mod_mbox/kalumet-commits/201212.mbox/<20121203064527.440A623889BF@eris.apache.org>,jean-baptiste onofré
Mon Dec  3 06:45:26 2012,http://mail-archives.apache.org/mod_mbox/kalumet-commits/201212.mbox/<20121203064527.440A623889BF@eris.apache.org>,jean-baptiste onofré
Mon Dec  3 06:45:26 2012,http://mail-archives.apache.org/mod_mbox/kalumet-commits/201212.mbox/<20121203064527.440A623889BF@eris.apache.org>,jean-baptiste onofré
Mon Dec  3 06:45:26 2012,http://mail-archives.apache.org/mod_mbox/kalumet-commits/201212.mbox/<20121203064527.440A623889BF@eris.apache.org>,jean-baptiste onofré
Mon Dec  3 06:45:26 2012,http://mail-archives.apache.org/mod_mbox/kalumet-commits/201212.mbox/<20121203064527.440A623889BF@eris.apache.org>,jean-baptiste onofré
Mon Dec  3 06:45:26 2012,http://mail-archives.apache.org/mod_mbox/kalumet-commits/201212.mbox/<20121203064527.440A623889BF@eris.apache.org>,jean-baptiste onofré
Mon Dec  3 06:45:26 2012,http://mail-archives.apache.org/mod_mbox/kalumet-commits/201212.mbox/<20121203064527.440A623889BF@eris.apache.org>,jean-baptiste onofré
Mon Dec  3 06:45:26 2012,http://mail-archives.apache.org/mod_mbox/kalumet-commits/201212.mbox/<20121203064527.440A623889BF@eris.apache.org>,jean-baptiste onofré
Mon Dec  3 06:45:26 2012,http://mail-archives.apache.org/mod_mbox/kalumet-commits/201212.mbox/<20121203064527.440A623889BF@eris.apache.org>,jean-baptiste onofré
Mon Dec  3 06:45:26 2012,http://mail-archives.apache.org/mod_mbox/kalumet-commits/201212.mbox/<20121203064527.440A623889BF@eris.apache.org>,jean-baptiste onofré
Mon Dec  3 06:45:26 2012,http://mail-archives.apache.org/mod_mbox/kalumet-commits/201212.mbox/<20121203064527.440A623889BF@eris.apache.org>,jean-baptiste onofré
Mon Dec  3 06:45:26 2012,http://mail-archives.apache.org/mod_mbox/kalumet-commits/201212.mbox/<20121203064527.440A623889BF@eris.apache.org>,jean-baptiste onofré
Mon Dec  3 06:45:26 2012,http://mail-archives.apache.org/mod_mbox/kalumet-commits/201212.mbox/<20121203064527.440A623889BF@eris.apache.org>,jean-baptiste onofré
Mon Dec  3 06:45:26 2012,http://mail-archives.apache.org/mod_mbox/kalumet-commits/201212.mbox/<20121203064527.440A623889BF@eris.apache.org>,jean-baptiste onofré
Mon Dec  3 06:45:26 2012,http://mail-archives.apache.org/mod_mbox/kalumet-commits/201212.mbox/<20121203064527.440A623889BF@eris.apache.org>,jean-baptiste onofré
Mon Dec  3 06:45:26 2012,http://mail-archives.apache.org/mod_mbox/kalumet-commits/201212.mbox/<20121203064527.440A623889BF@eris.apache.org>,jean-baptiste onofré
Mon Dec  3 06:45:26 2012,http://mail-archives.apache.org/mod_mbox/kalumet-commits/201212.mbox/<20121203064527.440A623889BF@eris.apache.org>,jean-baptiste onofré
Mon Dec  3 06:45:26 2012,http://mail-archives.apache.org/mod_mbox/kalumet-commits/201212.mbox/<20121203064527.440A623889BF@eris.apache.org>,jean-baptiste onofré
Mon Dec  3 07:48:22 2012,http://mail-archives.apache.org/mod_mbox/kalumet-commits/201212.mbox/<20121203074822.C1502238890B@eris.apache.org>,jean-baptiste onofré
Mon Dec  3 07:48:22 2012,http://mail-archives.apache.org/mod_mbox/kalumet-commits/201212.mbox/<20121203074822.C1502238890B@eris.apache.org>,jean-baptiste onofré
Mon Dec  3 07:48:22 2012,http://mail-archives.apache.org/mod_mbox/kalumet-commits/201212.mbox/<20121203074822.C1502238890B@eris.apache.org>,jean-baptiste onofré
Mon Dec  3 07:48:22 2012,http://mail-archives.apache.org/mod_mbox/kalumet-commits/201212.mbox/<20121203074822.C1502238890B@eris.apache.org>,jean-baptiste onofré
Mon Dec  3 07:48:22 2012,http://mail-archives.apache.org/mod_mbox/kalumet-commits/201212.mbox/<20121203074822.C1502238890B@eris.apache.org>,jean-baptiste onofré
Mon Dec  3 07:48:22 2012,http://mail-archives.apache.org/mod_mbox/kalumet-commits/201212.mbox/<20121203074822.C1502238890B@eris.apache.org>,jean-baptiste onofré
Tue Dec  4 18:00:58 2012,http://mail-archives.apache.org/mod_mbox/kalumet-commits/201212.mbox/<20121204180100.AD28B238890B@eris.apache.org>,jean-baptiste onofré
Tue Dec  4 18:00:58 2012,http://mail-archives.apache.org/mod_mbox/kalumet-commits/201212.mbox/<20121204180100.AD28B238890B@eris.apache.org>,jean-baptiste onofré
Tue Dec  4 18:00:58 2012,http://mail-archives.apache.org/mod_mbox/kalumet-commits/201212.mbox/<20121204180100.AD28B238890B@eris.apache.org>,jean-baptiste onofré
Tue Dec  4 18:00:58 2012,http://mail-archives.apache.org/mod_mbox/kalumet-commits/201212.mbox/<20121204180100.AD28B238890B@eris.apache.org>,jean-baptiste onofré
Tue Dec  4 18:00:58 2012,http://mail-archives.apache.org/mod_mbox/kalumet-commits/201212.mbox/<20121204180100.AD28B238890B@eris.apache.org>,jean-baptiste onofré
Tue Dec  4 18:00:58 2012,http://mail-archives.apache.org/mod_mbox/kalumet-commits/201212.mbox/<20121204180100.AD28B238890B@eris.apache.org>,jean-baptiste onofré
Tue Dec  4 18:00:58 2012,http://mail-archives.apache.org/mod_mbox/kalumet-commits/201212.mbox/<20121204180100.AD28B238890B@eris.apache.org>,jean-baptiste onofré
Tue Dec  4 18:00:58 2012,http://mail-archives.apache.org/mod_mbox/kalumet-commits/201212.mbox/<20121204180100.AD28B238890B@eris.apache.org>,jean-baptiste onofré
Tue Dec  4 18:00:58 2012,http://mail-archives.apache.org/mod_mbox/kalumet-commits/201212.mbox/<20121204180100.AD28B238890B@eris.apache.org>,jean-baptiste onofré
Tue Dec  4 18:00:58 2012,http://mail-archives.apache.org/mod_mbox/kalumet-commits/201212.mbox/<20121204180100.AD28B238890B@eris.apache.org>,jean-baptiste onofré
Tue Dec  4 18:00:58 2012,http://mail-archives.apache.org/mod_mbox/kalumet-commits/201212.mbox/<20121204180100.AD28B238890B@eris.apache.org>,jean-baptiste onofré
Tue Dec  4 18:00:58 2012,http://mail-archives.apache.org/mod_mbox/kalumet-commits/201212.mbox/<20121204180100.AD28B238890B@eris.apache.org>,jean-baptiste onofré
Tue Dec  4 18:00:58 2012,http://mail-archives.apache.org/mod_mbox/kalumet-commits/201212.mbox/<20121204180100.AD28B238890B@eris.apache.org>,jean-baptiste onofré
Tue Dec  4 18:01:11 2012,http://mail-archives.apache.org/mod_mbox/kalumet-commits/201212.mbox/<20121204180111.68E7923889BB@eris.apache.org>,jean-baptiste onofré
Tue Dec  4 18:01:28 2012,http://mail-archives.apache.org/mod_mbox/kalumet-commits/201212.mbox/<20121204180130.30FCB2388B1B@eris.apache.org>,jean-baptiste onofré
Tue Dec  4 18:01:28 2012,http://mail-archives.apache.org/mod_mbox/kalumet-commits/201212.mbox/<20121204180130.30FCB2388B1B@eris.apache.org>,jean-baptiste onofré
Tue Dec  4 18:01:28 2012,http://mail-archives.apache.org/mod_mbox/kalumet-commits/201212.mbox/<20121204180130.30FCB2388B1B@eris.apache.org>,jean-baptiste onofré
Tue Dec  4 18:01:28 2012,http://mail-archives.apache.org/mod_mbox/kalumet-commits/201212.mbox/<20121204180130.30FCB2388B1B@eris.apache.org>,jean-baptiste onofré
Tue Dec  4 18:01:28 2012,http://mail-archives.apache.org/mod_mbox/kalumet-commits/201212.mbox/<20121204180130.30FCB2388B1B@eris.apache.org>,jean-baptiste onofré
Tue Dec  4 18:01:28 2012,http://mail-archives.apache.org/mod_mbox/kalumet-commits/201212.mbox/<20121204180130.30FCB2388B1B@eris.apache.org>,jean-baptiste onofré
Tue Dec  4 18:01:28 2012,http://mail-archives.apache.org/mod_mbox/kalumet-commits/201212.mbox/<20121204180130.30FCB2388B1B@eris.apache.org>,jean-baptiste onofré
Tue Dec  4 18:01:28 2012,http://mail-archives.apache.org/mod_mbox/kalumet-commits/201212.mbox/<20121204180130.30FCB2388B1B@eris.apache.org>,jean-baptiste onofré
Tue Dec  4 18:01:28 2012,http://mail-archives.apache.org/mod_mbox/kalumet-commits/201212.mbox/<20121204180130.30FCB2388B1B@eris.apache.org>,jean-baptiste onofré
Tue Dec  4 18:01:28 2012,http://mail-archives.apache.org/mod_mbox/kalumet-commits/201212.mbox/<20121204180130.30FCB2388B1B@eris.apache.org>,jean-baptiste onofré
Tue Dec  4 18:01:28 2012,http://mail-archives.apache.org/mod_mbox/kalumet-commits/201212.mbox/<20121204180130.30FCB2388B1B@eris.apache.org>,jean-baptiste onofré
Tue Dec  4 18:01:28 2012,http://mail-archives.apache.org/mod_mbox/kalumet-commits/201212.mbox/<20121204180130.30FCB2388B1B@eris.apache.org>,jean-baptiste onofré
Tue Dec  4 18:01:28 2012,http://mail-archives.apache.org/mod_mbox/kalumet-commits/201212.mbox/<20121204180130.30FCB2388B1B@eris.apache.org>,jean-baptiste onofré
Wed Dec  5 06:26:32 2012,http://mail-archives.apache.org/mod_mbox/kalumet-commits/201212.mbox/<20121205062632.8C5CC2388A4A@eris.apache.org>,jean-baptiste onofré
Wed Dec  5 06:30:39 2012,http://mail-archives.apache.org/mod_mbox/kalumet-commits/201212.mbox/<20121205063040.C0C0A23888CD@eris.apache.org>,jean-baptiste onofré
Wed Dec  5 06:30:39 2012,http://mail-archives.apache.org/mod_mbox/kalumet-commits/201212.mbox/<20121205063040.C0C0A23888CD@eris.apache.org>,jean-baptiste onofré
Wed Dec  5 06:30:39 2012,http://mail-archives.apache.org/mod_mbox/kalumet-commits/201212.mbox/<20121205063040.C0C0A23888CD@eris.apache.org>,jean-baptiste onofré
Wed Dec  5 06:30:39 2012,http://mail-archives.apache.org/mod_mbox/kalumet-commits/201212.mbox/<20121205063040.C0C0A23888CD@eris.apache.org>,jean-baptiste onofré
Wed Dec  5 06:30:39 2012,http://mail-archives.apache.org/mod_mbox/kalumet-commits/201212.mbox/<20121205063040.C0C0A23888CD@eris.apache.org>,jean-baptiste onofré
Wed Dec  5 06:30:39 2012,http://mail-archives.apache.org/mod_mbox/kalumet-commits/201212.mbox/<20121205063040.C0C0A23888CD@eris.apache.org>,jean-baptiste onofré
Wed Dec  5 06:30:39 2012,http://mail-archives.apache.org/mod_mbox/kalumet-commits/201212.mbox/<20121205063040.C0C0A23888CD@eris.apache.org>,jean-baptiste onofré
Wed Dec  5 06:30:39 2012,http://mail-archives.apache.org/mod_mbox/kalumet-commits/201212.mbox/<20121205063040.C0C0A23888CD@eris.apache.org>,jean-baptiste onofré
Wed Dec  5 06:30:39 2012,http://mail-archives.apache.org/mod_mbox/kalumet-commits/201212.mbox/<20121205063040.C0C0A23888CD@eris.apache.org>,jean-baptiste onofré
Wed Dec  5 06:30:39 2012,http://mail-archives.apache.org/mod_mbox/kalumet-commits/201212.mbox/<20121205063040.C0C0A23888CD@eris.apache.org>,jean-baptiste onofré
Wed Dec  5 06:30:39 2012,http://mail-archives.apache.org/mod_mbox/kalumet-commits/201212.mbox/<20121205063040.C0C0A23888CD@eris.apache.org>,jean-baptiste onofré
Wed Dec  5 06:30:39 2012,http://mail-archives.apache.org/mod_mbox/kalumet-commits/201212.mbox/<20121205063040.C0C0A23888CD@eris.apache.org>,jean-baptiste onofré
Wed Dec  5 06:30:39 2012,http://mail-archives.apache.org/mod_mbox/kalumet-commits/201212.mbox/<20121205063040.C0C0A23888CD@eris.apache.org>,jean-baptiste onofré
Wed Dec  5 06:38:25 2012,http://mail-archives.apache.org/mod_mbox/kalumet-commits/201212.mbox/<20121205063825.3F02E23889BF@eris.apache.org>,jean-baptiste onofré
Wed Dec  5 06:59:52 2012,http://mail-archives.apache.org/mod_mbox/kalumet-commits/201212.mbox/<20121205065953.7A43123889B8@eris.apache.org>,jean-baptiste onofré
Wed Dec  5 06:59:52 2012,http://mail-archives.apache.org/mod_mbox/kalumet-commits/201212.mbox/<20121205065953.7A43123889B8@eris.apache.org>,jean-baptiste onofré
Wed Dec  5 06:59:52 2012,http://mail-archives.apache.org/mod_mbox/kalumet-commits/201212.mbox/<20121205065953.7A43123889B8@eris.apache.org>,jean-baptiste onofré
Wed Dec  5 06:59:52 2012,http://mail-archives.apache.org/mod_mbox/kalumet-commits/201212.mbox/<20121205065953.7A43123889B8@eris.apache.org>,jean-baptiste onofré
Wed Dec  5 06:59:52 2012,http://mail-archives.apache.org/mod_mbox/kalumet-commits/201212.mbox/<20121205065953.7A43123889B8@eris.apache.org>,jean-baptiste onofré
Wed Dec  5 06:59:52 2012,http://mail-archives.apache.org/mod_mbox/kalumet-commits/201212.mbox/<20121205065953.7A43123889B8@eris.apache.org>,jean-baptiste onofré
Wed Dec  5 06:59:52 2012,http://mail-archives.apache.org/mod_mbox/kalumet-commits/201212.mbox/<20121205065953.7A43123889B8@eris.apache.org>,jean-baptiste onofré
Wed Dec  5 06:59:52 2012,http://mail-archives.apache.org/mod_mbox/kalumet-commits/201212.mbox/<20121205065953.7A43123889B8@eris.apache.org>,jean-baptiste onofré
Wed Dec  5 06:59:52 2012,http://mail-archives.apache.org/mod_mbox/kalumet-commits/201212.mbox/<20121205065953.7A43123889B8@eris.apache.org>,jean-baptiste onofré
Wed Dec  5 06:59:52 2012,http://mail-archives.apache.org/mod_mbox/kalumet-commits/201212.mbox/<20121205065953.7A43123889B8@eris.apache.org>,jean-baptiste onofré
Wed Dec  5 06:59:52 2012,http://mail-archives.apache.org/mod_mbox/kalumet-commits/201212.mbox/<20121205065953.7A43123889B8@eris.apache.org>,jean-baptiste onofré
Wed Dec  5 06:59:52 2012,http://mail-archives.apache.org/mod_mbox/kalumet-commits/201212.mbox/<20121205065953.7A43123889B8@eris.apache.org>,jean-baptiste onofré
Wed Dec  5 06:59:52 2012,http://mail-archives.apache.org/mod_mbox/kalumet-commits/201212.mbox/<20121205065953.7A43123889B8@eris.apache.org>,jean-baptiste onofré
Wed Dec  5 07:00:16 2012,http://mail-archives.apache.org/mod_mbox/kalumet-commits/201212.mbox/<20121205070016.4A1542388B45@eris.apache.org>,jean-baptiste onofré
Wed Dec  5 07:00:36 2012,http://mail-archives.apache.org/mod_mbox/kalumet-commits/201212.mbox/<20121205070037.93F592388B56@eris.apache.org>,jean-baptiste onofré
Wed Dec  5 07:00:36 2012,http://mail-archives.apache.org/mod_mbox/kalumet-commits/201212.mbox/<20121205070037.93F592388B56@eris.apache.org>,jean-baptiste onofré
Wed Dec  5 07:00:36 2012,http://mail-archives.apache.org/mod_mbox/kalumet-commits/201212.mbox/<20121205070037.93F592388B56@eris.apache.org>,jean-baptiste onofré
Wed Dec  5 07:00:36 2012,http://mail-archives.apache.org/mod_mbox/kalumet-commits/201212.mbox/<20121205070037.93F592388B56@eris.apache.org>,jean-baptiste onofré
Wed Dec  5 07:00:36 2012,http://mail-archives.apache.org/mod_mbox/kalumet-commits/201212.mbox/<20121205070037.93F592388B56@eris.apache.org>,jean-baptiste onofré
Wed Dec  5 07:00:36 2012,http://mail-archives.apache.org/mod_mbox/kalumet-commits/201212.mbox/<20121205070037.93F592388B56@eris.apache.org>,jean-baptiste onofré
Wed Dec  5 07:00:36 2012,http://mail-archives.apache.org/mod_mbox/kalumet-commits/201212.mbox/<20121205070037.93F592388B56@eris.apache.org>,jean-baptiste onofré
Wed Dec  5 07:00:36 2012,http://mail-archives.apache.org/mod_mbox/kalumet-commits/201212.mbox/<20121205070037.93F592388B56@eris.apache.org>,jean-baptiste onofré
Wed Dec  5 07:00:36 2012,http://mail-archives.apache.org/mod_mbox/kalumet-commits/201212.mbox/<20121205070037.93F592388B56@eris.apache.org>,jean-baptiste onofré
Wed Dec  5 07:00:36 2012,http://mail-archives.apache.org/mod_mbox/kalumet-commits/201212.mbox/<20121205070037.93F592388B56@eris.apache.org>,jean-baptiste onofré
Wed Dec  5 07:00:36 2012,http://mail-archives.apache.org/mod_mbox/kalumet-commits/201212.mbox/<20121205070037.93F592388B56@eris.apache.org>,jean-baptiste onofré
Wed Dec  5 07:00:36 2012,http://mail-archives.apache.org/mod_mbox/kalumet-commits/201212.mbox/<20121205070037.93F592388B56@eris.apache.org>,jean-baptiste onofré
Wed Dec  5 07:00:36 2012,http://mail-archives.apache.org/mod_mbox/kalumet-commits/201212.mbox/<20121205070037.93F592388B56@eris.apache.org>,jean-baptiste onofré
Thu Dec 13 07:01:23 2012,http://mail-archives.apache.org/mod_mbox/kalumet-commits/201212.mbox/<20121213070123.1B4732388906@eris.apache.org>,jean-baptiste onofré
Thu Dec 13 07:13:51 2012,http://mail-archives.apache.org/mod_mbox/kalumet-commits/201212.mbox/<20121213071353.313F22388AA6@eris.apache.org>,jean-baptiste onofré
Thu Dec 13 07:13:51 2012,http://mail-archives.apache.org/mod_mbox/kalumet-commits/201212.mbox/<20121213071353.313F22388AA6@eris.apache.org>,jean-baptiste onofré
Thu Dec 13 07:13:51 2012,http://mail-archives.apache.org/mod_mbox/kalumet-commits/201212.mbox/<20121213071353.313F22388AA6@eris.apache.org>,jean-baptiste onofré
Thu Dec 13 07:13:51 2012,http://mail-archives.apache.org/mod_mbox/kalumet-commits/201212.mbox/<20121213071353.313F22388AA6@eris.apache.org>,jean-baptiste onofré
Thu Dec 13 07:13:51 2012,http://mail-archives.apache.org/mod_mbox/kalumet-commits/201212.mbox/<20121213071353.313F22388AA6@eris.apache.org>,jean-baptiste onofré
Thu Dec 13 07:13:51 2012,http://mail-archives.apache.org/mod_mbox/kalumet-commits/201212.mbox/<20121213071353.313F22388AA6@eris.apache.org>,jean-baptiste onofré
Thu Dec 13 07:13:51 2012,http://mail-archives.apache.org/mod_mbox/kalumet-commits/201212.mbox/<20121213071353.313F22388AA6@eris.apache.org>,jean-baptiste onofré
Thu Dec 13 07:13:51 2012,http://mail-archives.apache.org/mod_mbox/kalumet-commits/201212.mbox/<20121213071353.313F22388AA6@eris.apache.org>,jean-baptiste onofré
Thu Dec 13 07:13:51 2012,http://mail-archives.apache.org/mod_mbox/kalumet-commits/201212.mbox/<20121213071353.313F22388AA6@eris.apache.org>,jean-baptiste onofré
Thu Dec 13 07:13:51 2012,http://mail-archives.apache.org/mod_mbox/kalumet-commits/201212.mbox/<20121213071353.313F22388AA6@eris.apache.org>,jean-baptiste onofré
Thu Dec 13 07:13:51 2012,http://mail-archives.apache.org/mod_mbox/kalumet-commits/201212.mbox/<20121213071353.313F22388AA6@eris.apache.org>,jean-baptiste onofré
Thu Dec 13 07:13:51 2012,http://mail-archives.apache.org/mod_mbox/kalumet-commits/201212.mbox/<20121213071353.313F22388AA6@eris.apache.org>,jean-baptiste onofré
Thu Dec 13 07:13:51 2012,http://mail-archives.apache.org/mod_mbox/kalumet-commits/201212.mbox/<20121213071353.313F22388AA6@eris.apache.org>,jean-baptiste onofré
Fri Dec 14 12:43:06 2012,http://mail-archives.apache.org/mod_mbox/kalumet-commits/201212.mbox/<20121214124306.6686B2388AA6@eris.apache.org>,jean-baptiste onofré
Fri Dec 14 12:43:06 2012,http://mail-archives.apache.org/mod_mbox/kalumet-commits/201212.mbox/<20121214124306.6686B2388AA6@eris.apache.org>,jean-baptiste onofré
Fri Dec 14 18:25:08 2012,http://mail-archives.apache.org/mod_mbox/kalumet-commits/201212.mbox/<20121214182509.3E5382388980@eris.apache.org>,jean-baptiste onofré
Fri Dec 14 18:25:08 2012,http://mail-archives.apache.org/mod_mbox/kalumet-commits/201212.mbox/<20121214182509.3E5382388980@eris.apache.org>,jean-baptiste onofré
Fri Dec 14 18:25:08 2012,http://mail-archives.apache.org/mod_mbox/kalumet-commits/201212.mbox/<20121214182509.3E5382388980@eris.apache.org>,jean-baptiste onofré
Fri Dec 14 18:25:08 2012,http://mail-archives.apache.org/mod_mbox/kalumet-commits/201212.mbox/<20121214182509.3E5382388980@eris.apache.org>,jean-baptiste onofré
Fri Dec 14 18:25:08 2012,http://mail-archives.apache.org/mod_mbox/kalumet-commits/201212.mbox/<20121214182509.3E5382388980@eris.apache.org>,jean-baptiste onofré
Fri Dec 14 18:25:08 2012,http://mail-archives.apache.org/mod_mbox/kalumet-commits/201212.mbox/<20121214182509.3E5382388980@eris.apache.org>,jean-baptiste onofré
Sat Dec 15 07:02:12 2012,http://mail-archives.apache.org/mod_mbox/kalumet-commits/201212.mbox/<20121215070212.E3DFF23889B8@eris.apache.org>,jean-baptiste onofré
Sat Dec 15 16:39:31 2012,http://mail-archives.apache.org/mod_mbox/kalumet-commits/201212.mbox/<20121215163933.F17A72388BCD@eris.apache.org>,jean-baptiste onofré
Sat Dec 15 16:39:31 2012,http://mail-archives.apache.org/mod_mbox/kalumet-commits/201212.mbox/<20121215163933.F17A72388BCD@eris.apache.org>,jean-baptiste onofré
Sat Dec 15 16:39:31 2012,http://mail-archives.apache.org/mod_mbox/kalumet-commits/201212.mbox/<20121215163933.F17A72388BCD@eris.apache.org>,jean-baptiste onofré
Sat Dec 15 16:39:31 2012,http://mail-archives.apache.org/mod_mbox/kalumet-commits/201212.mbox/<20121215163933.F17A72388BCD@eris.apache.org>,jean-baptiste onofré
Sat Dec 15 16:39:31 2012,http://mail-archives.apache.org/mod_mbox/kalumet-commits/201212.mbox/<20121215163933.F17A72388BCD@eris.apache.org>,jean-baptiste onofré
Sat Dec 15 16:39:31 2012,http://mail-archives.apache.org/mod_mbox/kalumet-commits/201212.mbox/<20121215163933.F17A72388BCD@eris.apache.org>,jean-baptiste onofré
Sat Dec 15 16:39:31 2012,http://mail-archives.apache.org/mod_mbox/kalumet-commits/201212.mbox/<20121215163933.F17A72388BCD@eris.apache.org>,jean-baptiste onofré
Sat Dec 15 16:39:31 2012,http://mail-archives.apache.org/mod_mbox/kalumet-commits/201212.mbox/<20121215163933.F17A72388BCD@eris.apache.org>,jean-baptiste onofré
Sat Dec 15 16:39:31 2012,http://mail-archives.apache.org/mod_mbox/kalumet-commits/201212.mbox/<20121215163933.F17A72388BCD@eris.apache.org>,jean-baptiste onofré
Sat Dec 15 16:39:31 2012,http://mail-archives.apache.org/mod_mbox/kalumet-commits/201212.mbox/<20121215163933.F17A72388BCD@eris.apache.org>,jean-baptiste onofré
Sat Dec 15 16:39:31 2012,http://mail-archives.apache.org/mod_mbox/kalumet-commits/201212.mbox/<20121215163933.F17A72388BCD@eris.apache.org>,jean-baptiste onofré
Sat Dec 15 16:39:31 2012,http://mail-archives.apache.org/mod_mbox/kalumet-commits/201212.mbox/<20121215163933.F17A72388BCD@eris.apache.org>,jean-baptiste onofré
Sat Dec 15 16:39:31 2012,http://mail-archives.apache.org/mod_mbox/kalumet-commits/201212.mbox/<20121215163933.F17A72388BCD@eris.apache.org>,jean-baptiste onofré
Sat Dec 15 16:39:45 2012,http://mail-archives.apache.org/mod_mbox/kalumet-commits/201212.mbox/<20121215163945.856572388C5D@eris.apache.org>,jean-baptiste onofré
Sat Dec 15 16:40:05 2012,http://mail-archives.apache.org/mod_mbox/kalumet-commits/201212.mbox/<20121215164007.4298E23889FD@eris.apache.org>,jean-baptiste onofré
Sat Dec 15 16:40:05 2012,http://mail-archives.apache.org/mod_mbox/kalumet-commits/201212.mbox/<20121215164007.4298E23889FD@eris.apache.org>,jean-baptiste onofré
Sat Dec 15 16:40:05 2012,http://mail-archives.apache.org/mod_mbox/kalumet-commits/201212.mbox/<20121215164007.4298E23889FD@eris.apache.org>,jean-baptiste onofré
Sat Dec 15 16:40:05 2012,http://mail-archives.apache.org/mod_mbox/kalumet-commits/201212.mbox/<20121215164007.4298E23889FD@eris.apache.org>,jean-baptiste onofré
Sat Dec 15 16:40:05 2012,http://mail-archives.apache.org/mod_mbox/kalumet-commits/201212.mbox/<20121215164007.4298E23889FD@eris.apache.org>,jean-baptiste onofré
Sat Dec 15 16:40:05 2012,http://mail-archives.apache.org/mod_mbox/kalumet-commits/201212.mbox/<20121215164007.4298E23889FD@eris.apache.org>,jean-baptiste onofré
Sat Dec 15 16:40:05 2012,http://mail-archives.apache.org/mod_mbox/kalumet-commits/201212.mbox/<20121215164007.4298E23889FD@eris.apache.org>,jean-baptiste onofré
Sat Dec 15 16:40:05 2012,http://mail-archives.apache.org/mod_mbox/kalumet-commits/201212.mbox/<20121215164007.4298E23889FD@eris.apache.org>,jean-baptiste onofré
Sat Dec 15 16:40:05 2012,http://mail-archives.apache.org/mod_mbox/kalumet-commits/201212.mbox/<20121215164007.4298E23889FD@eris.apache.org>,jean-baptiste onofré
Sat Dec 15 16:40:05 2012,http://mail-archives.apache.org/mod_mbox/kalumet-commits/201212.mbox/<20121215164007.4298E23889FD@eris.apache.org>,jean-baptiste onofré
Sat Dec 15 16:40:05 2012,http://mail-archives.apache.org/mod_mbox/kalumet-commits/201212.mbox/<20121215164007.4298E23889FD@eris.apache.org>,jean-baptiste onofré
Sat Dec 15 16:40:05 2012,http://mail-archives.apache.org/mod_mbox/kalumet-commits/201212.mbox/<20121215164007.4298E23889FD@eris.apache.org>,jean-baptiste onofré
Sat Dec 15 16:40:05 2012,http://mail-archives.apache.org/mod_mbox/kalumet-commits/201212.mbox/<20121215164007.4298E23889FD@eris.apache.org>,jean-baptiste onofré
