human_date_time,link,dealised_author_full_name
Fri Nov 15 04:22:21 2019,http://mail-archives.apache.org/mod_mbox/superset-commits/201911.mbox/<157379174113.8525.10818385871799427990@gitbox.apache.org>,beto dealmeida
Wed Nov 20 21:07:28 2019,http://mail-archives.apache.org/mod_mbox/superset-commits/201911.mbox/<157428404785.9712.9677154570578918969@gitbox.apache.org>,beto dealmeida
Wed Nov 20 21:07:28 2019,http://mail-archives.apache.org/mod_mbox/superset-commits/201911.mbox/<157428404785.9712.9677154570578918969@gitbox.apache.org>,beto dealmeida
Wed Nov 20 21:07:28 2019,http://mail-archives.apache.org/mod_mbox/superset-commits/201911.mbox/<157428404785.9712.9677154570578918969@gitbox.apache.org>,beto dealmeida
Wed Nov 20 21:07:28 2019,http://mail-archives.apache.org/mod_mbox/superset-commits/201911.mbox/<157428404785.9712.9677154570578918969@gitbox.apache.org>,beto dealmeida
Wed Nov 20 21:07:28 2019,http://mail-archives.apache.org/mod_mbox/superset-commits/201911.mbox/<157428404785.9712.9677154570578918969@gitbox.apache.org>,beto dealmeida
