human_date_time,link,dealised_author_full_name
Fri Jun  1 10:49:25 2018,http://mail-archives.apache.org/mod_mbox/dubbo-dev/201806.mbox/<201806011049240057870@163.com>,kimm king
