human_date_time,link,dealised_author_full_name
Wed Mar 18 00:26:31 2009,http://mail-archives.apache.org/mod_mbox/empire-dev/200903.mbox/<918312fe0903171626t755e20ddqb38b21ee3cc5493e@mail.gmail.com>,martijn dashorst
Wed Mar 18 10:18:41 2009,http://mail-archives.apache.org/mod_mbox/empire-dev/200903.mbox/<918312fe0903180218k79e3a2d9q8dc8e1ecaaafd39c@mail.gmail.com>,martijn dashorst
