human_date_time,link,dealised_author_full_name
Fri Apr 15 07:24:36 2011,http://mail-archives.apache.org/mod_mbox/ant-notifications/201104.mbox/<20110415072436.4188C2388980@eris.apache.org>,stefan bodewig
Fri Apr 15 07:24:36 2011,http://mail-archives.apache.org/mod_mbox/ant-notifications/201104.mbox/<20110415072436.4188C2388980@eris.apache.org>,stefan bodewig
Wed Apr 20 04:57:23 2011,http://mail-archives.apache.org/mod_mbox/ant-notifications/201104.mbox/<20110420045723.83BE523889E2@eris.apache.org>,stefan bodewig
Wed Apr 20 05:10:22 2011,http://mail-archives.apache.org/mod_mbox/ant-notifications/201104.mbox/<20110420051022.5417B2388A39@eris.apache.org>,stefan bodewig
Wed Apr 20 05:10:22 2011,http://mail-archives.apache.org/mod_mbox/ant-notifications/201104.mbox/<20110420051022.5417B2388A39@eris.apache.org>,stefan bodewig
Wed Apr 20 05:10:22 2011,http://mail-archives.apache.org/mod_mbox/ant-notifications/201104.mbox/<20110420051022.5417B2388A39@eris.apache.org>,stefan bodewig
Wed Apr 20 05:10:22 2011,http://mail-archives.apache.org/mod_mbox/ant-notifications/201104.mbox/<20110420051022.5417B2388A39@eris.apache.org>,stefan bodewig
