human_date_time,link,dealised_author_full_name
Thu Jan 28 09:22:22 2016,http://mail-archives.apache.org/mod_mbox/johnzon-dev/201601.mbox/<CACLE=7PYWrEtcsPcp81oc=pT5BkyVszMJSOPpS8_Z4b0NySONg@mail.gmail.com>,romain mannibucau
Fri Jan 29 13:35:39 2016,http://mail-archives.apache.org/mod_mbox/johnzon-dev/201601.mbox/<JIRA.12935107.1454074505000.249004.1454074539835@Atlassian.JIRA>,romain mannibucau
Fri Jan 29 13:35:39 2016,http://mail-archives.apache.org/mod_mbox/johnzon-dev/201601.mbox/<JIRA.12935107.1454074505000.249005.1454074539841@Atlassian.JIRA>,romain mannibucau
Fri Jan 29 15:44:39 2016,http://mail-archives.apache.org/mod_mbox/johnzon-dev/201601.mbox/<JIRA.12935153.1454082241000.249768.1454082279816@Atlassian.JIRA>,romain mannibucau
Fri Jan 29 16:05:39 2016,http://mail-archives.apache.org/mod_mbox/johnzon-dev/201601.mbox/<JIRA.12935153.1454082241000.249915.1454083539893@Atlassian.JIRA>,romain mannibucau
Fri Jan 29 16:57:50 2016,http://mail-archives.apache.org/mod_mbox/johnzon-dev/201601.mbox/<CACLE=7P09KACx1U-WQi580z=qZfhR+cwZVZNLXfCj5ry6AkugA@mail.gmail.com>,romain mannibucau
