human_date_time,link,dealised_author_full_name
Sat Jun 27 00:02:34 2009,http://mail-archives.apache.org/mod_mbox/wink-commits/200906.mbox/<20090627000247.A80952388876@eris.apache.org>,bryant luk
Sat Jun 27 00:02:34 2009,http://mail-archives.apache.org/mod_mbox/wink-commits/200906.mbox/<20090627000247.A80952388876@eris.apache.org>,bryant luk
Sat Jun 27 00:02:34 2009,http://mail-archives.apache.org/mod_mbox/wink-commits/200906.mbox/<20090627000247.A80952388876@eris.apache.org>,bryant luk
Sat Jun 27 00:02:34 2009,http://mail-archives.apache.org/mod_mbox/wink-commits/200906.mbox/<20090627000247.A80952388876@eris.apache.org>,bryant luk
Sat Jun 27 00:02:34 2009,http://mail-archives.apache.org/mod_mbox/wink-commits/200906.mbox/<20090627000247.A80952388876@eris.apache.org>,bryant luk
Sat Jun 27 00:02:34 2009,http://mail-archives.apache.org/mod_mbox/wink-commits/200906.mbox/<20090627000247.A80952388876@eris.apache.org>,bryant luk
Sat Jun 27 00:02:34 2009,http://mail-archives.apache.org/mod_mbox/wink-commits/200906.mbox/<20090627000247.A80952388876@eris.apache.org>,bryant luk
Sat Jun 27 00:02:34 2009,http://mail-archives.apache.org/mod_mbox/wink-commits/200906.mbox/<20090627000247.A80952388876@eris.apache.org>,bryant luk
Sat Jun 27 00:02:34 2009,http://mail-archives.apache.org/mod_mbox/wink-commits/200906.mbox/<20090627000247.A80952388876@eris.apache.org>,bryant luk
Sat Jun 27 00:02:34 2009,http://mail-archives.apache.org/mod_mbox/wink-commits/200906.mbox/<20090627000247.A80952388876@eris.apache.org>,bryant luk
Sat Jun 27 00:02:34 2009,http://mail-archives.apache.org/mod_mbox/wink-commits/200906.mbox/<20090627000247.A80952388876@eris.apache.org>,bryant luk
Sat Jun 27 00:02:34 2009,http://mail-archives.apache.org/mod_mbox/wink-commits/200906.mbox/<20090627000247.A80952388876@eris.apache.org>,bryant luk
Sat Jun 27 00:02:34 2009,http://mail-archives.apache.org/mod_mbox/wink-commits/200906.mbox/<20090627000247.A80952388876@eris.apache.org>,bryant luk
Sat Jun 27 00:02:34 2009,http://mail-archives.apache.org/mod_mbox/wink-commits/200906.mbox/<20090627000247.A80952388876@eris.apache.org>,bryant luk
Sat Jun 27 00:02:34 2009,http://mail-archives.apache.org/mod_mbox/wink-commits/200906.mbox/<20090627000247.A80952388876@eris.apache.org>,bryant luk
Sat Jun 27 00:02:34 2009,http://mail-archives.apache.org/mod_mbox/wink-commits/200906.mbox/<20090627000247.A80952388876@eris.apache.org>,bryant luk
Sat Jun 27 00:02:34 2009,http://mail-archives.apache.org/mod_mbox/wink-commits/200906.mbox/<20090627000247.A80952388876@eris.apache.org>,bryant luk
Sat Jun 27 00:02:34 2009,http://mail-archives.apache.org/mod_mbox/wink-commits/200906.mbox/<20090627000247.A80952388876@eris.apache.org>,bryant luk
Sat Jun 27 00:02:34 2009,http://mail-archives.apache.org/mod_mbox/wink-commits/200906.mbox/<20090627000247.A80952388876@eris.apache.org>,bryant luk
Sat Jun 27 00:02:34 2009,http://mail-archives.apache.org/mod_mbox/wink-commits/200906.mbox/<20090627000247.A80952388876@eris.apache.org>,bryant luk
Sat Jun 27 00:02:34 2009,http://mail-archives.apache.org/mod_mbox/wink-commits/200906.mbox/<20090627000247.A80952388876@eris.apache.org>,bryant luk
Sat Jun 27 00:02:34 2009,http://mail-archives.apache.org/mod_mbox/wink-commits/200906.mbox/<20090627000247.A80952388876@eris.apache.org>,bryant luk
Sat Jun 27 00:02:34 2009,http://mail-archives.apache.org/mod_mbox/wink-commits/200906.mbox/<20090627000247.A80952388876@eris.apache.org>,bryant luk
Sat Jun 27 00:02:34 2009,http://mail-archives.apache.org/mod_mbox/wink-commits/200906.mbox/<20090627000247.A80952388876@eris.apache.org>,bryant luk
Sat Jun 27 00:02:34 2009,http://mail-archives.apache.org/mod_mbox/wink-commits/200906.mbox/<20090627000247.A80952388876@eris.apache.org>,bryant luk
Sat Jun 27 00:02:34 2009,http://mail-archives.apache.org/mod_mbox/wink-commits/200906.mbox/<20090627000247.A80952388876@eris.apache.org>,bryant luk
Sat Jun 27 00:02:34 2009,http://mail-archives.apache.org/mod_mbox/wink-commits/200906.mbox/<20090627000247.A80952388876@eris.apache.org>,bryant luk
Sat Jun 27 00:02:34 2009,http://mail-archives.apache.org/mod_mbox/wink-commits/200906.mbox/<20090627000247.A80952388876@eris.apache.org>,bryant luk
Sat Jun 27 00:02:34 2009,http://mail-archives.apache.org/mod_mbox/wink-commits/200906.mbox/<20090627000247.A80952388876@eris.apache.org>,bryant luk
Sat Jun 27 00:02:34 2009,http://mail-archives.apache.org/mod_mbox/wink-commits/200906.mbox/<20090627000247.A80952388876@eris.apache.org>,bryant luk
Sat Jun 27 00:02:34 2009,http://mail-archives.apache.org/mod_mbox/wink-commits/200906.mbox/<20090627000247.A80952388876@eris.apache.org>,bryant luk
Sat Jun 27 00:02:34 2009,http://mail-archives.apache.org/mod_mbox/wink-commits/200906.mbox/<20090627000247.A80952388876@eris.apache.org>,bryant luk
Sat Jun 27 00:02:34 2009,http://mail-archives.apache.org/mod_mbox/wink-commits/200906.mbox/<20090627000247.A80952388876@eris.apache.org>,bryant luk
Sat Jun 27 00:02:34 2009,http://mail-archives.apache.org/mod_mbox/wink-commits/200906.mbox/<20090627000247.A80952388876@eris.apache.org>,bryant luk
Sat Jun 27 00:02:34 2009,http://mail-archives.apache.org/mod_mbox/wink-commits/200906.mbox/<20090627000247.A80952388876@eris.apache.org>,bryant luk
Sat Jun 27 00:02:34 2009,http://mail-archives.apache.org/mod_mbox/wink-commits/200906.mbox/<20090627000247.A80952388876@eris.apache.org>,bryant luk
Sat Jun 27 00:02:34 2009,http://mail-archives.apache.org/mod_mbox/wink-commits/200906.mbox/<20090627000247.A80952388876@eris.apache.org>,bryant luk
Sat Jun 27 00:02:34 2009,http://mail-archives.apache.org/mod_mbox/wink-commits/200906.mbox/<20090627000247.A80952388876@eris.apache.org>,bryant luk
Sat Jun 27 00:02:34 2009,http://mail-archives.apache.org/mod_mbox/wink-commits/200906.mbox/<20090627000247.A80952388876@eris.apache.org>,bryant luk
Sat Jun 27 00:02:34 2009,http://mail-archives.apache.org/mod_mbox/wink-commits/200906.mbox/<20090627000247.A80952388876@eris.apache.org>,bryant luk
Sat Jun 27 00:02:34 2009,http://mail-archives.apache.org/mod_mbox/wink-commits/200906.mbox/<20090627000247.A80952388876@eris.apache.org>,bryant luk
Sat Jun 27 00:02:34 2009,http://mail-archives.apache.org/mod_mbox/wink-commits/200906.mbox/<20090627000247.A80952388876@eris.apache.org>,bryant luk
Sat Jun 27 00:02:34 2009,http://mail-archives.apache.org/mod_mbox/wink-commits/200906.mbox/<20090627000247.A80952388876@eris.apache.org>,bryant luk
Sat Jun 27 00:02:34 2009,http://mail-archives.apache.org/mod_mbox/wink-commits/200906.mbox/<20090627000247.A80952388876@eris.apache.org>,bryant luk
Sat Jun 27 00:02:34 2009,http://mail-archives.apache.org/mod_mbox/wink-commits/200906.mbox/<20090627000247.A80952388876@eris.apache.org>,bryant luk
Sat Jun 27 00:02:34 2009,http://mail-archives.apache.org/mod_mbox/wink-commits/200906.mbox/<20090627000247.A80952388876@eris.apache.org>,bryant luk
Sat Jun 27 00:02:34 2009,http://mail-archives.apache.org/mod_mbox/wink-commits/200906.mbox/<20090627000247.A80952388876@eris.apache.org>,bryant luk
Sat Jun 27 00:02:34 2009,http://mail-archives.apache.org/mod_mbox/wink-commits/200906.mbox/<20090627000247.A80952388876@eris.apache.org>,bryant luk
Sat Jun 27 00:02:34 2009,http://mail-archives.apache.org/mod_mbox/wink-commits/200906.mbox/<20090627000247.A80952388876@eris.apache.org>,bryant luk
Sat Jun 27 00:02:34 2009,http://mail-archives.apache.org/mod_mbox/wink-commits/200906.mbox/<20090627000247.A80952388876@eris.apache.org>,bryant luk
Sat Jun 27 00:02:34 2009,http://mail-archives.apache.org/mod_mbox/wink-commits/200906.mbox/<20090627000247.A80952388876@eris.apache.org>,bryant luk
Sat Jun 27 00:02:34 2009,http://mail-archives.apache.org/mod_mbox/wink-commits/200906.mbox/<20090627000247.A80952388876@eris.apache.org>,bryant luk
Sat Jun 27 00:02:34 2009,http://mail-archives.apache.org/mod_mbox/wink-commits/200906.mbox/<20090627000247.A80952388876@eris.apache.org>,bryant luk
Sat Jun 27 00:02:34 2009,http://mail-archives.apache.org/mod_mbox/wink-commits/200906.mbox/<20090627000247.A80952388876@eris.apache.org>,bryant luk
Sat Jun 27 00:02:34 2009,http://mail-archives.apache.org/mod_mbox/wink-commits/200906.mbox/<20090627000247.A80952388876@eris.apache.org>,bryant luk
Sat Jun 27 00:02:34 2009,http://mail-archives.apache.org/mod_mbox/wink-commits/200906.mbox/<20090627000247.A80952388876@eris.apache.org>,bryant luk
Sat Jun 27 00:02:34 2009,http://mail-archives.apache.org/mod_mbox/wink-commits/200906.mbox/<20090627000247.A80952388876@eris.apache.org>,bryant luk
Sat Jun 27 00:02:34 2009,http://mail-archives.apache.org/mod_mbox/wink-commits/200906.mbox/<20090627000247.A80952388876@eris.apache.org>,bryant luk
Sat Jun 27 00:02:34 2009,http://mail-archives.apache.org/mod_mbox/wink-commits/200906.mbox/<20090627000247.A80952388876@eris.apache.org>,bryant luk
Sat Jun 27 00:02:34 2009,http://mail-archives.apache.org/mod_mbox/wink-commits/200906.mbox/<20090627000247.A80952388876@eris.apache.org>,bryant luk
Sat Jun 27 00:02:34 2009,http://mail-archives.apache.org/mod_mbox/wink-commits/200906.mbox/<20090627000247.A80952388876@eris.apache.org>,bryant luk
Sat Jun 27 00:02:34 2009,http://mail-archives.apache.org/mod_mbox/wink-commits/200906.mbox/<20090627000247.A80952388876@eris.apache.org>,bryant luk
Sat Jun 27 00:02:34 2009,http://mail-archives.apache.org/mod_mbox/wink-commits/200906.mbox/<20090627000247.A80952388876@eris.apache.org>,bryant luk
Sat Jun 27 00:02:34 2009,http://mail-archives.apache.org/mod_mbox/wink-commits/200906.mbox/<20090627000247.A80952388876@eris.apache.org>,bryant luk
Sat Jun 27 00:02:34 2009,http://mail-archives.apache.org/mod_mbox/wink-commits/200906.mbox/<20090627000247.A80952388876@eris.apache.org>,bryant luk
Sat Jun 27 00:02:34 2009,http://mail-archives.apache.org/mod_mbox/wink-commits/200906.mbox/<20090627000247.A80952388876@eris.apache.org>,bryant luk
Sat Jun 27 00:02:34 2009,http://mail-archives.apache.org/mod_mbox/wink-commits/200906.mbox/<20090627000247.A80952388876@eris.apache.org>,bryant luk
Sat Jun 27 00:02:34 2009,http://mail-archives.apache.org/mod_mbox/wink-commits/200906.mbox/<20090627000247.A80952388876@eris.apache.org>,bryant luk
Sat Jun 27 00:02:34 2009,http://mail-archives.apache.org/mod_mbox/wink-commits/200906.mbox/<20090627000247.A80952388876@eris.apache.org>,bryant luk
Sat Jun 27 00:02:34 2009,http://mail-archives.apache.org/mod_mbox/wink-commits/200906.mbox/<20090627000247.A80952388876@eris.apache.org>,bryant luk
Sat Jun 27 00:02:34 2009,http://mail-archives.apache.org/mod_mbox/wink-commits/200906.mbox/<20090627000247.A80952388876@eris.apache.org>,bryant luk
Sat Jun 27 00:02:34 2009,http://mail-archives.apache.org/mod_mbox/wink-commits/200906.mbox/<20090627000247.A80952388876@eris.apache.org>,bryant luk
Sat Jun 27 00:02:34 2009,http://mail-archives.apache.org/mod_mbox/wink-commits/200906.mbox/<20090627000247.A80952388876@eris.apache.org>,bryant luk
Sat Jun 27 00:02:34 2009,http://mail-archives.apache.org/mod_mbox/wink-commits/200906.mbox/<20090627000247.A80952388876@eris.apache.org>,bryant luk
Sat Jun 27 00:02:34 2009,http://mail-archives.apache.org/mod_mbox/wink-commits/200906.mbox/<20090627000247.A80952388876@eris.apache.org>,bryant luk
Sat Jun 27 00:02:34 2009,http://mail-archives.apache.org/mod_mbox/wink-commits/200906.mbox/<20090627000247.A80952388876@eris.apache.org>,bryant luk
Sat Jun 27 00:02:34 2009,http://mail-archives.apache.org/mod_mbox/wink-commits/200906.mbox/<20090627000247.A80952388876@eris.apache.org>,bryant luk
Sat Jun 27 00:02:34 2009,http://mail-archives.apache.org/mod_mbox/wink-commits/200906.mbox/<20090627000247.A80952388876@eris.apache.org>,bryant luk
Sat Jun 27 00:02:34 2009,http://mail-archives.apache.org/mod_mbox/wink-commits/200906.mbox/<20090627000247.A80952388876@eris.apache.org>,bryant luk
Sat Jun 27 00:02:34 2009,http://mail-archives.apache.org/mod_mbox/wink-commits/200906.mbox/<20090627000247.A80952388876@eris.apache.org>,bryant luk
Sat Jun 27 00:02:34 2009,http://mail-archives.apache.org/mod_mbox/wink-commits/200906.mbox/<20090627000247.A80952388876@eris.apache.org>,bryant luk
Sat Jun 27 00:02:34 2009,http://mail-archives.apache.org/mod_mbox/wink-commits/200906.mbox/<20090627000247.A80952388876@eris.apache.org>,bryant luk
Sat Jun 27 00:02:34 2009,http://mail-archives.apache.org/mod_mbox/wink-commits/200906.mbox/<20090627000247.A80952388876@eris.apache.org>,bryant luk
Sat Jun 27 00:02:34 2009,http://mail-archives.apache.org/mod_mbox/wink-commits/200906.mbox/<20090627000247.A80952388876@eris.apache.org>,bryant luk
Sat Jun 27 00:02:34 2009,http://mail-archives.apache.org/mod_mbox/wink-commits/200906.mbox/<20090627000247.A80952388876@eris.apache.org>,bryant luk
Sat Jun 27 00:02:34 2009,http://mail-archives.apache.org/mod_mbox/wink-commits/200906.mbox/<20090627000247.A80952388876@eris.apache.org>,bryant luk
Sat Jun 27 00:02:34 2009,http://mail-archives.apache.org/mod_mbox/wink-commits/200906.mbox/<20090627000247.A80952388876@eris.apache.org>,bryant luk
Sat Jun 27 00:02:34 2009,http://mail-archives.apache.org/mod_mbox/wink-commits/200906.mbox/<20090627000247.A80952388876@eris.apache.org>,bryant luk
Sat Jun 27 00:02:34 2009,http://mail-archives.apache.org/mod_mbox/wink-commits/200906.mbox/<20090627000247.A80952388876@eris.apache.org>,bryant luk
Sat Jun 27 00:02:34 2009,http://mail-archives.apache.org/mod_mbox/wink-commits/200906.mbox/<20090627000247.A80952388876@eris.apache.org>,bryant luk
Sat Jun 27 00:02:34 2009,http://mail-archives.apache.org/mod_mbox/wink-commits/200906.mbox/<20090627000247.A80952388876@eris.apache.org>,bryant luk
Sat Jun 27 00:02:34 2009,http://mail-archives.apache.org/mod_mbox/wink-commits/200906.mbox/<20090627000247.A80952388876@eris.apache.org>,bryant luk
Sat Jun 27 00:02:34 2009,http://mail-archives.apache.org/mod_mbox/wink-commits/200906.mbox/<20090627000247.A80952388876@eris.apache.org>,bryant luk
Sat Jun 27 00:02:34 2009,http://mail-archives.apache.org/mod_mbox/wink-commits/200906.mbox/<20090627000247.A80952388876@eris.apache.org>,bryant luk
Sat Jun 27 00:02:34 2009,http://mail-archives.apache.org/mod_mbox/wink-commits/200906.mbox/<20090627000247.A80952388876@eris.apache.org>,bryant luk
Sat Jun 27 00:02:34 2009,http://mail-archives.apache.org/mod_mbox/wink-commits/200906.mbox/<20090627000247.A80952388876@eris.apache.org>,bryant luk
Sat Jun 27 00:02:34 2009,http://mail-archives.apache.org/mod_mbox/wink-commits/200906.mbox/<20090627000247.A80952388876@eris.apache.org>,bryant luk
Sat Jun 27 00:02:34 2009,http://mail-archives.apache.org/mod_mbox/wink-commits/200906.mbox/<20090627000247.A80952388876@eris.apache.org>,bryant luk
Sat Jun 27 00:02:34 2009,http://mail-archives.apache.org/mod_mbox/wink-commits/200906.mbox/<20090627000247.A80952388876@eris.apache.org>,bryant luk
Sat Jun 27 00:02:34 2009,http://mail-archives.apache.org/mod_mbox/wink-commits/200906.mbox/<20090627000247.A80952388876@eris.apache.org>,bryant luk
Sat Jun 27 00:02:34 2009,http://mail-archives.apache.org/mod_mbox/wink-commits/200906.mbox/<20090627000247.A80952388876@eris.apache.org>,bryant luk
Sat Jun 27 00:02:34 2009,http://mail-archives.apache.org/mod_mbox/wink-commits/200906.mbox/<20090627000247.A80952388876@eris.apache.org>,bryant luk
Sat Jun 27 00:02:34 2009,http://mail-archives.apache.org/mod_mbox/wink-commits/200906.mbox/<20090627000247.A80952388876@eris.apache.org>,bryant luk
Sat Jun 27 00:02:34 2009,http://mail-archives.apache.org/mod_mbox/wink-commits/200906.mbox/<20090627000247.A80952388876@eris.apache.org>,bryant luk
Sat Jun 27 00:02:34 2009,http://mail-archives.apache.org/mod_mbox/wink-commits/200906.mbox/<20090627000247.A80952388876@eris.apache.org>,bryant luk
Sat Jun 27 00:02:34 2009,http://mail-archives.apache.org/mod_mbox/wink-commits/200906.mbox/<20090627000247.A80952388876@eris.apache.org>,bryant luk
Sat Jun 27 00:02:34 2009,http://mail-archives.apache.org/mod_mbox/wink-commits/200906.mbox/<20090627000247.A80952388876@eris.apache.org>,bryant luk
Sat Jun 27 00:02:34 2009,http://mail-archives.apache.org/mod_mbox/wink-commits/200906.mbox/<20090627000247.A80952388876@eris.apache.org>,bryant luk
Sat Jun 27 00:02:34 2009,http://mail-archives.apache.org/mod_mbox/wink-commits/200906.mbox/<20090627000247.A80952388876@eris.apache.org>,bryant luk
Sat Jun 27 00:02:34 2009,http://mail-archives.apache.org/mod_mbox/wink-commits/200906.mbox/<20090627000247.A80952388876@eris.apache.org>,bryant luk
Sat Jun 27 00:02:34 2009,http://mail-archives.apache.org/mod_mbox/wink-commits/200906.mbox/<20090627000247.A80952388876@eris.apache.org>,bryant luk
Sat Jun 27 00:02:34 2009,http://mail-archives.apache.org/mod_mbox/wink-commits/200906.mbox/<20090627000247.A80952388876@eris.apache.org>,bryant luk
Sat Jun 27 00:02:34 2009,http://mail-archives.apache.org/mod_mbox/wink-commits/200906.mbox/<20090627000247.A80952388876@eris.apache.org>,bryant luk
Sat Jun 27 00:02:34 2009,http://mail-archives.apache.org/mod_mbox/wink-commits/200906.mbox/<20090627000247.A80952388876@eris.apache.org>,bryant luk
Sat Jun 27 00:02:34 2009,http://mail-archives.apache.org/mod_mbox/wink-commits/200906.mbox/<20090627000247.A80952388876@eris.apache.org>,bryant luk
Sat Jun 27 00:02:34 2009,http://mail-archives.apache.org/mod_mbox/wink-commits/200906.mbox/<20090627000247.A80952388876@eris.apache.org>,bryant luk
Sat Jun 27 00:02:34 2009,http://mail-archives.apache.org/mod_mbox/wink-commits/200906.mbox/<20090627000247.A80952388876@eris.apache.org>,bryant luk
