human_date_time,link,dealised_author_full_name
Tue Mar 28 02:46:58 2006,http://mail-archives.apache.org/mod_mbox/activemq-users/200603.mbox/<3627452.post@talk.nabble.com>,jonas b. lim
