human_date_time,link,dealised_author_full_name
Thu Sep  1 10:38:49 2011,http://mail-archives.apache.org/mod_mbox/airavata-dev/201109.mbox/<CAKq9_6Ky2VCEtb8+oTd=ETShLDOdGJOHMS6wraZ=ug5TPixu3Q@mail.gmail.com>,lahiru gunathilake
Sat Sep  3 13:46:20 2011,http://mail-archives.apache.org/mod_mbox/airavata-dev/201109.mbox/<CAKq9_6K=udM_oyBqsS5OMjwJLQvFhtRjAeg1WhzKL0V4KU7SFQ@mail.gmail.com>,lahiru gunathilake
Thu Sep  8 18:09:09 2011,http://mail-archives.apache.org/mod_mbox/airavata-dev/201109.mbox/<1053315349.4046.1315505349192.JavaMail.tomcat@hel.zones.apache.org>,lahiru gunathilake
Thu Sep  8 18:32:09 2011,http://mail-archives.apache.org/mod_mbox/airavata-dev/201109.mbox/<1146175085.4202.1315506729050.JavaMail.tomcat@hel.zones.apache.org>,lahiru gunathilake
Thu Sep  8 18:34:10 2011,http://mail-archives.apache.org/mod_mbox/airavata-dev/201109.mbox/<1413267088.4205.1315506850796.JavaMail.tomcat@hel.zones.apache.org>,lahiru gunathilake
Thu Sep  8 22:54:57 2011,http://mail-archives.apache.org/mod_mbox/airavata-dev/201109.mbox/<CAKq9_6+atFS+9tL3NKc5aEk0BJi6ZMMD+TXQuMLKB+GRsT17TA@mail.gmail.com>,lahiru gunathilake
Fri Sep  9 11:26:24 2011,http://mail-archives.apache.org/mod_mbox/airavata-dev/201109.mbox/<CAKq9_6+RjjF8-E0ZFoKe==xV-PE2SNs=qniQPWAu4sE7AzyL=Q@mail.gmail.com>,lahiru gunathilake
Fri Sep  9 12:09:08 2011,http://mail-archives.apache.org/mod_mbox/airavata-dev/201109.mbox/<1395074159.7576.1315570148835.JavaMail.tomcat@hel.zones.apache.org>,lahiru gunathilake
Fri Sep  9 15:07:09 2011,http://mail-archives.apache.org/mod_mbox/airavata-dev/201109.mbox/<1994340956.8316.1315580829059.JavaMail.tomcat@hel.zones.apache.org>,lahiru gunathilake
Fri Sep  9 15:09:08 2011,http://mail-archives.apache.org/mod_mbox/airavata-dev/201109.mbox/<1407762870.8321.1315580948936.JavaMail.tomcat@hel.zones.apache.org>,lahiru gunathilake
Fri Sep  9 15:09:09 2011,http://mail-archives.apache.org/mod_mbox/airavata-dev/201109.mbox/<1433169496.8333.1315580949481.JavaMail.tomcat@hel.zones.apache.org>,lahiru gunathilake
Sun Sep 11 19:10:30 2011,http://mail-archives.apache.org/mod_mbox/airavata-dev/201109.mbox/<CAKq9_6LdAGQ-u27d14pr=4E3Jac4Rm7gzEu_awQgyJwOssLWFQ@mail.gmail.com>,lahiru gunathilake
Mon Sep 12 10:02:50 2011,http://mail-archives.apache.org/mod_mbox/airavata-dev/201109.mbox/<CAKq9_6JQKN-6=eBf71mwnT=VsduNqQKaunFydXrbdNEM5DMJEg@mail.gmail.com>,lahiru gunathilake
Mon Sep 12 11:04:21 2011,http://mail-archives.apache.org/mod_mbox/airavata-dev/201109.mbox/<CAKq9_6KOYDx7RV-GPPzC3_pNchQ95+DJf7CuGSJYTu_6771icg@mail.gmail.com>,lahiru gunathilake
Mon Sep 12 21:21:10 2011,http://mail-archives.apache.org/mod_mbox/airavata-dev/201109.mbox/<1398927379.19215.1315862470255.JavaMail.tomcat@hel.zones.apache.org>,lahiru gunathilake
Tue Sep 13 13:29:10 2011,http://mail-archives.apache.org/mod_mbox/airavata-dev/201109.mbox/<1366150416.21948.1315920550498.JavaMail.tomcat@hel.zones.apache.org>,lahiru gunathilake
Fri Sep 16 13:06:36 2011,http://mail-archives.apache.org/mod_mbox/airavata-dev/201109.mbox/<CAKq9_6+7Jk9Qz6qHwoUKwqcQ3+8V+p5_Z2gziQqTfp5EMfbucA@mail.gmail.com>,lahiru gunathilake
Fri Sep 16 14:38:29 2011,http://mail-archives.apache.org/mod_mbox/airavata-dev/201109.mbox/<CAKq9_6+BbSRg=foyqXrOX3c3YO0a0VNT8k9AjPGUiCw5sNzMtA@mail.gmail.com>,lahiru gunathilake
Fri Sep 16 17:20:13 2011,http://mail-archives.apache.org/mod_mbox/airavata-dev/201109.mbox/<CAKq9_6JH87qWHJdXeEG1HC53ySU77qVbKTvr8t5j=epZzXS3uA@mail.gmail.com>,lahiru gunathilake
Mon Sep 19 14:52:09 2011,http://mail-archives.apache.org/mod_mbox/airavata-dev/201109.mbox/<1103161728.42332.1316443929293.JavaMail.tomcat@hel.zones.apache.org>,lahiru gunathilake
Mon Sep 19 14:58:09 2011,http://mail-archives.apache.org/mod_mbox/airavata-dev/201109.mbox/<2073572721.42358.1316444289095.JavaMail.tomcat@hel.zones.apache.org>,lahiru gunathilake
Mon Sep 19 15:12:09 2011,http://mail-archives.apache.org/mod_mbox/airavata-dev/201109.mbox/<1427392425.42438.1316445129058.JavaMail.tomcat@hel.zones.apache.org>,lahiru gunathilake
Mon Sep 19 15:21:08 2011,http://mail-archives.apache.org/mod_mbox/airavata-dev/201109.mbox/<1001401092.42467.1316445668861.JavaMail.tomcat@hel.zones.apache.org>,lahiru gunathilake
Mon Sep 19 15:23:08 2011,http://mail-archives.apache.org/mod_mbox/airavata-dev/201109.mbox/<722179516.42472.1316445788911.JavaMail.tomcat@hel.zones.apache.org>,lahiru gunathilake
Mon Sep 19 15:23:11 2011,http://mail-archives.apache.org/mod_mbox/airavata-dev/201109.mbox/<CAKq9_6LzyE=PtwLivGNh9BhNgGyZtiDcyJ99Vn9E+t+JKbhXEg@mail.gmail.com>,lahiru gunathilake
Mon Sep 19 16:05:12 2011,http://mail-archives.apache.org/mod_mbox/airavata-dev/201109.mbox/<1431282024.42620.1316448312499.JavaMail.tomcat@hel.zones.apache.org>,lahiru gunathilake
Mon Sep 19 16:14:20 2011,http://mail-archives.apache.org/mod_mbox/airavata-dev/201109.mbox/<CAKq9_6LdrURdvP89ZNWFH4UBADhpDe9yLSbwY=rswcMLPqOk5w@mail.gmail.com>,lahiru gunathilake
Mon Sep 19 20:14:09 2011,http://mail-archives.apache.org/mod_mbox/airavata-dev/201109.mbox/<1025667416.43604.1316463249167.JavaMail.tomcat@hel.zones.apache.org>,lahiru gunathilake
Mon Sep 19 20:14:09 2011,http://mail-archives.apache.org/mod_mbox/airavata-dev/201109.mbox/<978080299.43603.1316463249139.JavaMail.tomcat@hel.zones.apache.org>,lahiru gunathilake
Mon Sep 19 20:49:09 2011,http://mail-archives.apache.org/mod_mbox/airavata-dev/201109.mbox/<539332116.43734.1316465349307.JavaMail.tomcat@hel.zones.apache.org>,lahiru gunathilake
Mon Sep 19 20:49:09 2011,http://mail-archives.apache.org/mod_mbox/airavata-dev/201109.mbox/<601959069.43737.1316465349432.JavaMail.tomcat@hel.zones.apache.org>,lahiru gunathilake
Mon Sep 19 21:11:09 2011,http://mail-archives.apache.org/mod_mbox/airavata-dev/201109.mbox/<641275291.43818.1316466669257.JavaMail.tomcat@hel.zones.apache.org>,lahiru gunathilake
Tue Sep 20 17:05:34 2011,http://mail-archives.apache.org/mod_mbox/airavata-dev/201109.mbox/<CAKq9_6J1jq6yyYw=29hD1P+6omxZCq1V4Qi0Sj5JC4vPb-EFKw@mail.gmail.com>,lahiru gunathilake
Tue Sep 20 17:10:11 2011,http://mail-archives.apache.org/mod_mbox/airavata-dev/201109.mbox/<1353989831.46783.1316538611376.JavaMail.tomcat@hel.zones.apache.org>,lahiru gunathilake
Tue Sep 20 18:35:10 2011,http://mail-archives.apache.org/mod_mbox/airavata-dev/201109.mbox/<1578305917.47226.1316543710145.JavaMail.tomcat@hel.zones.apache.org>,lahiru gunathilake
Tue Sep 20 18:35:10 2011,http://mail-archives.apache.org/mod_mbox/airavata-dev/201109.mbox/<1141491624.47225.1316543710111.JavaMail.tomcat@hel.zones.apache.org>,lahiru gunathilake
Tue Sep 20 18:53:11 2011,http://mail-archives.apache.org/mod_mbox/airavata-dev/201109.mbox/<1681846327.47292.1316544791999.JavaMail.tomcat@hel.zones.apache.org>,lahiru gunathilake
Tue Sep 20 19:38:08 2011,http://mail-archives.apache.org/mod_mbox/airavata-dev/201109.mbox/<1740608903.47412.1316547488919.JavaMail.tomcat@hel.zones.apache.org>,lahiru gunathilake
Tue Sep 20 19:38:08 2011,http://mail-archives.apache.org/mod_mbox/airavata-dev/201109.mbox/<1951072078.47411.1316547488858.JavaMail.tomcat@hel.zones.apache.org>,lahiru gunathilake
Tue Sep 20 20:38:09 2011,http://mail-archives.apache.org/mod_mbox/airavata-dev/201109.mbox/<403665144.47538.1316551089112.JavaMail.tomcat@hel.zones.apache.org>,lahiru gunathilake
Tue Sep 20 20:46:09 2011,http://mail-archives.apache.org/mod_mbox/airavata-dev/201109.mbox/<1097347139.47552.1316551569376.JavaMail.tomcat@hel.zones.apache.org>,lahiru gunathilake
Wed Sep 21 08:54:49 2011,http://mail-archives.apache.org/mod_mbox/airavata-dev/201109.mbox/<CAKq9_6L9P_HKNaY56Y3qCWr-MS3ZDZFUbfesxn7kgj_ED=fLGg@mail.gmail.com>,lahiru gunathilake
Wed Sep 21 13:17:08 2011,http://mail-archives.apache.org/mod_mbox/airavata-dev/201109.mbox/<1538270199.50400.1316611028927.JavaMail.tomcat@hel.zones.apache.org>,lahiru gunathilake
Thu Sep 22 18:05:27 2011,http://mail-archives.apache.org/mod_mbox/airavata-dev/201109.mbox/<168933411.3104.1316714727501.JavaMail.tomcat@hel.zones.apache.org>,lahiru gunathilake
Thu Sep 22 19:15:26 2011,http://mail-archives.apache.org/mod_mbox/airavata-dev/201109.mbox/<1182865645.3349.1316718926147.JavaMail.tomcat@hel.zones.apache.org>,lahiru gunathilake
Mon Sep 26 21:28:12 2011,http://mail-archives.apache.org/mod_mbox/airavata-dev/201109.mbox/<1230163382.236.1317072492444.JavaMail.tomcat@hel.zones.apache.org>,lahiru gunathilake
Tue Sep 27 19:01:46 2011,http://mail-archives.apache.org/mod_mbox/airavata-dev/201109.mbox/<887669041.651.1317150106069.JavaMail.tomcat@hel.zones.apache.org>,lahiru gunathilake
Tue Sep 27 20:11:45 2011,http://mail-archives.apache.org/mod_mbox/airavata-dev/201109.mbox/<593433253.936.1317154305567.JavaMail.tomcat@hel.zones.apache.org>,lahiru gunathilake
Tue Sep 27 20:49:45 2011,http://mail-archives.apache.org/mod_mbox/airavata-dev/201109.mbox/<1888364196.1121.1317156585776.JavaMail.tomcat@hel.zones.apache.org>,lahiru gunathilake
Tue Sep 27 20:53:45 2011,http://mail-archives.apache.org/mod_mbox/airavata-dev/201109.mbox/<1518323585.1135.1317156825628.JavaMail.tomcat@hel.zones.apache.org>,lahiru gunathilake
Tue Sep 27 20:53:45 2011,http://mail-archives.apache.org/mod_mbox/airavata-dev/201109.mbox/<121338543.1137.1317156825684.JavaMail.tomcat@hel.zones.apache.org>,lahiru gunathilake
Tue Sep 27 22:22:45 2011,http://mail-archives.apache.org/mod_mbox/airavata-dev/201109.mbox/<1195554282.1515.1317162165473.JavaMail.tomcat@hel.zones.apache.org>,lahiru gunathilake
