human_date_time,link,dealised_author_full_name
Tue Aug 14 18:40:17 2018,http://mail-archives.apache.org/mod_mbox/superset-commits/201808.mbox/<153427201711.19328.2620898218736856039@gitbox.apache.org>,hugh a miles ii
Tue Aug 14 18:40:17 2018,http://mail-archives.apache.org/mod_mbox/superset-commits/201808.mbox/<153427201711.19328.2620898218736856039@gitbox.apache.org>,hugh a miles ii
Sun Aug 19 22:42:12 2018,http://mail-archives.apache.org/mod_mbox/superset-commits/201808.mbox/<153471853268.5551.4435284883081065904@gitbox.apache.org>,hugh a miles ii
Wed Aug 22 17:27:23 2018,http://mail-archives.apache.org/mod_mbox/superset-commits/201808.mbox/<153495884330.10558.13923749686672190308@gitbox.apache.org>,hugh a miles ii
Wed Aug 22 17:27:23 2018,http://mail-archives.apache.org/mod_mbox/superset-commits/201808.mbox/<153495884330.10558.13923749686672190308@gitbox.apache.org>,hugh a miles ii
Wed Aug 22 17:27:23 2018,http://mail-archives.apache.org/mod_mbox/superset-commits/201808.mbox/<153495884330.10558.13923749686672190308@gitbox.apache.org>,hugh a miles ii
Wed Aug 22 17:27:23 2018,http://mail-archives.apache.org/mod_mbox/superset-commits/201808.mbox/<153495884330.10558.13923749686672190308@gitbox.apache.org>,hugh a miles ii
Mon Aug 27 04:01:08 2018,http://mail-archives.apache.org/mod_mbox/superset-commits/201808.mbox/<153534246819.18132.10503976823586451649@gitbox.apache.org>,hugh a miles ii
Mon Aug 27 23:59:07 2018,http://mail-archives.apache.org/mod_mbox/superset-commits/201808.mbox/<153541434766.5515.11421507345618015530@gitbox.apache.org>,hugh a miles ii
Mon Aug 27 23:59:07 2018,http://mail-archives.apache.org/mod_mbox/superset-commits/201808.mbox/<153541434766.5515.11421507345618015530@gitbox.apache.org>,hugh a miles ii
Fri Aug 31 17:06:29 2018,http://mail-archives.apache.org/mod_mbox/superset-commits/201808.mbox/<153573518970.12596.6593578411954087002@gitbox.apache.org>,hugh a miles ii
Fri Aug 31 17:06:29 2018,http://mail-archives.apache.org/mod_mbox/superset-commits/201808.mbox/<153573518970.12596.6593578411954087002@gitbox.apache.org>,hugh a miles ii
Fri Aug 31 17:06:29 2018,http://mail-archives.apache.org/mod_mbox/superset-commits/201808.mbox/<153573518970.12596.6593578411954087002@gitbox.apache.org>,hugh a miles ii
