human_date_time,link,dealised_author_full_name
Tue Dec 12 04:18:21 2006,http://mail-archives.apache.org/mod_mbox/qpid-dev/200612.mbox/<235071.1165925901682.JavaMail.jira@brutus>,rob godfrey
Tue Dec 12 07:51:21 2006,http://mail-archives.apache.org/mod_mbox/qpid-dev/200612.mbox/<10592717.1165938681606.JavaMail.jira@brutus>,rob godfrey
Tue Dec 12 09:44:26 2006,http://mail-archives.apache.org/mod_mbox/qpid-dev/200612.mbox/<27997091.1165945466410.JavaMail.jira@brutus>,rob godfrey
Wed Dec 13 02:54:21 2006,http://mail-archives.apache.org/mod_mbox/qpid-dev/200612.mbox/<1156642.1166007261586.JavaMail.jira@brutus>,rob godfrey
Wed Dec 13 08:41:21 2006,http://mail-archives.apache.org/mod_mbox/qpid-dev/200612.mbox/<6947642.1166028081593.JavaMail.jira@brutus>,rob godfrey
Wed Dec 13 08:50:21 2006,http://mail-archives.apache.org/mod_mbox/qpid-dev/200612.mbox/<3000623.1166028621631.JavaMail.jira@brutus>,rob godfrey
Wed Dec 13 10:11:21 2006,http://mail-archives.apache.org/mod_mbox/qpid-dev/200612.mbox/<30974199.1166033481609.JavaMail.jira@brutus>,rob godfrey
Wed Dec 13 10:44:21 2006,http://mail-archives.apache.org/mod_mbox/qpid-dev/200612.mbox/<17146487.1166035461608.JavaMail.jira@brutus>,rob godfrey
Wed Dec 13 10:46:21 2006,http://mail-archives.apache.org/mod_mbox/qpid-dev/200612.mbox/<5598374.1166035581621.JavaMail.jira@brutus>,rob godfrey
Thu Dec 14 01:59:21 2006,http://mail-archives.apache.org/mod_mbox/qpid-dev/200612.mbox/<13435237.1166090361655.JavaMail.jira@brutus>,rob godfrey
Thu Dec 14 15:05:23 2006,http://mail-archives.apache.org/mod_mbox/qpid-dev/200612.mbox/<2847083.1166137523317.JavaMail.jira@brutus>,rob godfrey
Thu Dec 14 15:09:21 2006,http://mail-archives.apache.org/mod_mbox/qpid-dev/200612.mbox/<29437722.1166137761637.JavaMail.jira@brutus>,rob godfrey
Thu Dec 14 15:58:23 2006,http://mail-archives.apache.org/mod_mbox/qpid-dev/200612.mbox/<12377170.1166140703226.JavaMail.jira@brutus>,rob godfrey
Fri Dec 15 04:28:21 2006,http://mail-archives.apache.org/mod_mbox/qpid-dev/200612.mbox/<15460033.1166185701667.JavaMail.jira@brutus>,rob godfrey
Fri Dec 15 11:21:24 2006,http://mail-archives.apache.org/mod_mbox/qpid-dev/200612.mbox/<33145100.1166210484200.JavaMail.jira@brutus>,rob godfrey
Fri Dec 15 11:23:23 2006,http://mail-archives.apache.org/mod_mbox/qpid-dev/200612.mbox/<21202298.1166210603933.JavaMail.jira@brutus>,rob godfrey
Sat Dec 16 01:33:21 2006,http://mail-archives.apache.org/mod_mbox/qpid-dev/200612.mbox/<16905963.1166261601606.JavaMail.jira@brutus>,rob godfrey
Sat Dec 16 01:54:20 2006,http://mail-archives.apache.org/mod_mbox/qpid-dev/200612.mbox/<19488795.1166262860966.JavaMail.jira@brutus>,rob godfrey
Sat Dec 16 01:58:21 2006,http://mail-archives.apache.org/mod_mbox/qpid-dev/200612.mbox/<753785.1166263101622.JavaMail.jira@brutus>,rob godfrey
Sat Dec 16 02:22:20 2006,http://mail-archives.apache.org/mod_mbox/qpid-dev/200612.mbox/<27297495.1166264540970.JavaMail.jira@brutus>,rob godfrey
Sat Dec 16 02:24:21 2006,http://mail-archives.apache.org/mod_mbox/qpid-dev/200612.mbox/<24801737.1166264661607.JavaMail.jira@brutus>,rob godfrey
Sat Dec 16 05:34:20 2006,http://mail-archives.apache.org/mod_mbox/qpid-dev/200612.mbox/<12234220.1166276060969.JavaMail.jira@brutus>,rob godfrey
Sat Dec 16 05:36:21 2006,http://mail-archives.apache.org/mod_mbox/qpid-dev/200612.mbox/<21949730.1166276181596.JavaMail.jira@brutus>,rob godfrey
Sat Dec 16 06:19:21 2006,http://mail-archives.apache.org/mod_mbox/qpid-dev/200612.mbox/<11939660.1166278761021.JavaMail.jira@brutus>,rob godfrey
Sat Dec 16 06:21:21 2006,http://mail-archives.apache.org/mod_mbox/qpid-dev/200612.mbox/<1153342.1166278881588.JavaMail.jira@brutus>,rob godfrey
Sat Dec 16 07:59:20 2006,http://mail-archives.apache.org/mod_mbox/qpid-dev/200612.mbox/<30510675.1166284760979.JavaMail.jira@brutus>,rob godfrey
Sat Dec 16 08:02:21 2006,http://mail-archives.apache.org/mod_mbox/qpid-dev/200612.mbox/<1492670.1166284941651.JavaMail.jira@brutus>,rob godfrey
Sat Dec 16 10:17:21 2006,http://mail-archives.apache.org/mod_mbox/qpid-dev/200612.mbox/<26283058.1166293041068.JavaMail.jira@brutus>,rob godfrey
Sat Dec 16 10:21:21 2006,http://mail-archives.apache.org/mod_mbox/qpid-dev/200612.mbox/<23277799.1166293281629.JavaMail.jira@brutus>,rob godfrey
Sat Dec 16 13:12:20 2006,http://mail-archives.apache.org/mod_mbox/qpid-dev/200612.mbox/<30206646.1166303540966.JavaMail.jira@brutus>,rob godfrey
Sat Dec 16 13:54:21 2006,http://mail-archives.apache.org/mod_mbox/qpid-dev/200612.mbox/<9952700.1166306061637.JavaMail.jira@brutus>,rob godfrey
Mon Dec 18 00:42:21 2006,http://mail-archives.apache.org/mod_mbox/qpid-dev/200612.mbox/<3983011.1166431341993.JavaMail.jira@brutus>,rob godfrey
Mon Dec 18 01:06:23 2006,http://mail-archives.apache.org/mod_mbox/qpid-dev/200612.mbox/<14466228.1166432783061.JavaMail.jira@brutus>,rob godfrey
Mon Dec 18 01:08:23 2006,http://mail-archives.apache.org/mod_mbox/qpid-dev/200612.mbox/<3698450.1166432903239.JavaMail.jira@brutus>,rob godfrey
Mon Dec 18 01:24:20 2006,http://mail-archives.apache.org/mod_mbox/qpid-dev/200612.mbox/<24588245.1166433860964.JavaMail.jira@brutus>,rob godfrey
Mon Dec 18 01:54:20 2006,http://mail-archives.apache.org/mod_mbox/qpid-dev/200612.mbox/<19035289.1166435660963.JavaMail.jira@brutus>,rob godfrey
Mon Dec 18 02:08:21 2006,http://mail-archives.apache.org/mod_mbox/qpid-dev/200612.mbox/<10928167.1166436501614.JavaMail.jira@brutus>,rob godfrey
Mon Dec 18 09:30:21 2006,http://mail-archives.apache.org/mod_mbox/qpid-dev/200612.mbox/<24519077.1166463021087.JavaMail.jira@brutus>,rob godfrey
Mon Dec 18 09:50:21 2006,http://mail-archives.apache.org/mod_mbox/qpid-dev/200612.mbox/<5163712.1166464221602.JavaMail.jira@brutus>,rob godfrey
Mon Dec 18 09:58:20 2006,http://mail-archives.apache.org/mod_mbox/qpid-dev/200612.mbox/<21322306.1166464700966.JavaMail.jira@brutus>,rob godfrey
Mon Dec 18 10:04:21 2006,http://mail-archives.apache.org/mod_mbox/qpid-dev/200612.mbox/<30315339.1166465061803.JavaMail.jira@brutus>,rob godfrey
Tue Dec 19 01:26:20 2006,http://mail-archives.apache.org/mod_mbox/qpid-dev/200612.mbox/<9507333.1166520380993.JavaMail.jira@brutus>,rob godfrey
Tue Dec 19 01:28:21 2006,http://mail-archives.apache.org/mod_mbox/qpid-dev/200612.mbox/<23562292.1166520501708.JavaMail.jira@brutus>,rob godfrey
Wed Dec 20 07:34:20 2006,http://mail-archives.apache.org/mod_mbox/qpid-dev/200612.mbox/<5564059.1166628860985.JavaMail.jira@brutus>,rob godfrey
Wed Dec 20 07:38:20 2006,http://mail-archives.apache.org/mod_mbox/qpid-dev/200612.mbox/<3396985.1166629100999.JavaMail.jira@brutus>,rob godfrey
Wed Dec 20 08:31:26 2006,http://mail-archives.apache.org/mod_mbox/qpid-dev/200612.mbox/<30041398.1166632286004.JavaMail.jira@brutus>,rob godfrey
Fri Dec 22 04:00:23 2006,http://mail-archives.apache.org/mod_mbox/qpid-dev/200612.mbox/<9507856.1166788823068.JavaMail.jira@brutus>,rob godfrey
Fri Dec 22 04:08:21 2006,http://mail-archives.apache.org/mod_mbox/qpid-dev/200612.mbox/<7884629.1166789301733.JavaMail.jira@brutus>,rob godfrey
Fri Dec 22 12:24:20 2006,http://mail-archives.apache.org/mod_mbox/qpid-dev/200612.mbox/<21052284.1166819060962.JavaMail.jira@brutus>,rob godfrey
Fri Dec 22 12:26:21 2006,http://mail-archives.apache.org/mod_mbox/qpid-dev/200612.mbox/<5608178.1166819181602.JavaMail.jira@brutus>,rob godfrey
