human_date_time,link,dealised_author_full_name
Mon Jul 14 05:25:34 2008,http://mail-archives.apache.org/mod_mbox/imperius-dev/200807.mbox/<562198895.1216038334352.JavaMail.jira@brutus>,jgsasl naidu
Tue Jul 15 22:03:31 2008,http://mail-archives.apache.org/mod_mbox/imperius-dev/200807.mbox/<953838737.1216184611650.JavaMail.jira@brutus>,jgsasl naidu
Tue Jul 15 22:27:31 2008,http://mail-archives.apache.org/mod_mbox/imperius-dev/200807.mbox/<1372816280.1216186051602.JavaMail.jira@brutus>,jgsasl naidu
Tue Jul 15 22:53:31 2008,http://mail-archives.apache.org/mod_mbox/imperius-dev/200807.mbox/<200531992.1216187611692.JavaMail.jira@brutus>,jgsasl naidu
Tue Jul 15 22:53:31 2008,http://mail-archives.apache.org/mod_mbox/imperius-dev/200807.mbox/<474122012.1216187611600.JavaMail.jira@brutus>,jgsasl naidu
Tue Jul 15 22:55:31 2008,http://mail-archives.apache.org/mod_mbox/imperius-dev/200807.mbox/<1102854721.1216187731703.JavaMail.jira@brutus>,jgsasl naidu
Tue Jul 15 22:55:31 2008,http://mail-archives.apache.org/mod_mbox/imperius-dev/200807.mbox/<1520062360.1216187731685.JavaMail.jira@brutus>,jgsasl naidu
Tue Jul 15 22:55:31 2008,http://mail-archives.apache.org/mod_mbox/imperius-dev/200807.mbox/<1185271452.1216187731613.JavaMail.jira@brutus>,jgsasl naidu
Tue Jul 15 22:57:31 2008,http://mail-archives.apache.org/mod_mbox/imperius-dev/200807.mbox/<289752074.1216187851681.JavaMail.jira@brutus>,jgsasl naidu
