human_date_time,link,dealised_author_full_name
Mon Apr  8 23:31:57 2013,http://mail-archives.apache.org/mod_mbox/ambari-commits/201304.mbox/<20130408233158.5CA362388994@eris.apache.org>,srimanth
Mon Apr  8 23:31:57 2013,http://mail-archives.apache.org/mod_mbox/ambari-commits/201304.mbox/<20130408233158.5CA362388994@eris.apache.org>,srimanth
Mon Apr  8 23:31:57 2013,http://mail-archives.apache.org/mod_mbox/ambari-commits/201304.mbox/<20130408233158.5CA362388994@eris.apache.org>,srimanth
Tue Apr  9 00:21:50 2013,http://mail-archives.apache.org/mod_mbox/ambari-commits/201304.mbox/<20130409002150.CD6E3238897A@eris.apache.org>,srimanth
Tue Apr  9 00:21:50 2013,http://mail-archives.apache.org/mod_mbox/ambari-commits/201304.mbox/<20130409002150.CD6E3238897A@eris.apache.org>,srimanth
Tue Apr  9 00:21:50 2013,http://mail-archives.apache.org/mod_mbox/ambari-commits/201304.mbox/<20130409002150.CD6E3238897A@eris.apache.org>,srimanth
Tue Apr  9 20:37:39 2013,http://mail-archives.apache.org/mod_mbox/ambari-commits/201304.mbox/<20130409203740.51897238899C@eris.apache.org>,srimanth
Tue Apr  9 20:37:39 2013,http://mail-archives.apache.org/mod_mbox/ambari-commits/201304.mbox/<20130409203740.51897238899C@eris.apache.org>,srimanth
Tue Apr  9 20:37:39 2013,http://mail-archives.apache.org/mod_mbox/ambari-commits/201304.mbox/<20130409203740.51897238899C@eris.apache.org>,srimanth
Tue Apr  9 20:37:39 2013,http://mail-archives.apache.org/mod_mbox/ambari-commits/201304.mbox/<20130409203740.51897238899C@eris.apache.org>,srimanth
Tue Apr  9 20:37:39 2013,http://mail-archives.apache.org/mod_mbox/ambari-commits/201304.mbox/<20130409203740.51897238899C@eris.apache.org>,srimanth
Tue Apr  9 20:37:39 2013,http://mail-archives.apache.org/mod_mbox/ambari-commits/201304.mbox/<20130409203740.51897238899C@eris.apache.org>,srimanth
Tue Apr  9 20:37:39 2013,http://mail-archives.apache.org/mod_mbox/ambari-commits/201304.mbox/<20130409203740.51897238899C@eris.apache.org>,srimanth
Tue Apr  9 20:37:39 2013,http://mail-archives.apache.org/mod_mbox/ambari-commits/201304.mbox/<20130409203740.51897238899C@eris.apache.org>,srimanth
Tue Apr  9 20:56:26 2013,http://mail-archives.apache.org/mod_mbox/ambari-commits/201304.mbox/<20130409205626.C1FDE23889D5@eris.apache.org>,srimanth
Tue Apr  9 20:56:26 2013,http://mail-archives.apache.org/mod_mbox/ambari-commits/201304.mbox/<20130409205626.C1FDE23889D5@eris.apache.org>,srimanth
Tue Apr  9 20:56:26 2013,http://mail-archives.apache.org/mod_mbox/ambari-commits/201304.mbox/<20130409205626.C1FDE23889D5@eris.apache.org>,srimanth
Tue Apr  9 20:56:26 2013,http://mail-archives.apache.org/mod_mbox/ambari-commits/201304.mbox/<20130409205626.C1FDE23889D5@eris.apache.org>,srimanth
Tue Apr  9 20:56:26 2013,http://mail-archives.apache.org/mod_mbox/ambari-commits/201304.mbox/<20130409205626.C1FDE23889D5@eris.apache.org>,srimanth
Tue Apr  9 21:02:21 2013,http://mail-archives.apache.org/mod_mbox/ambari-commits/201304.mbox/<20130409210221.586F323889E7@eris.apache.org>,srimanth
Tue Apr  9 21:02:21 2013,http://mail-archives.apache.org/mod_mbox/ambari-commits/201304.mbox/<20130409210221.586F323889E7@eris.apache.org>,srimanth
Tue Apr  9 21:59:21 2013,http://mail-archives.apache.org/mod_mbox/ambari-commits/201304.mbox/<20130409215922.687C12388994@eris.apache.org>,srimanth
Tue Apr  9 21:59:21 2013,http://mail-archives.apache.org/mod_mbox/ambari-commits/201304.mbox/<20130409215922.687C12388994@eris.apache.org>,srimanth
Tue Apr  9 21:59:21 2013,http://mail-archives.apache.org/mod_mbox/ambari-commits/201304.mbox/<20130409215922.687C12388994@eris.apache.org>,srimanth
Tue Apr  9 21:59:21 2013,http://mail-archives.apache.org/mod_mbox/ambari-commits/201304.mbox/<20130409215922.687C12388994@eris.apache.org>,srimanth
Tue Apr  9 21:59:21 2013,http://mail-archives.apache.org/mod_mbox/ambari-commits/201304.mbox/<20130409215922.687C12388994@eris.apache.org>,srimanth
Tue Apr  9 21:59:21 2013,http://mail-archives.apache.org/mod_mbox/ambari-commits/201304.mbox/<20130409215922.687C12388994@eris.apache.org>,srimanth
Tue Apr  9 21:59:21 2013,http://mail-archives.apache.org/mod_mbox/ambari-commits/201304.mbox/<20130409215922.687C12388994@eris.apache.org>,srimanth
Tue Apr  9 21:59:21 2013,http://mail-archives.apache.org/mod_mbox/ambari-commits/201304.mbox/<20130409215922.687C12388994@eris.apache.org>,srimanth
Tue Apr  9 21:59:21 2013,http://mail-archives.apache.org/mod_mbox/ambari-commits/201304.mbox/<20130409215922.687C12388994@eris.apache.org>,srimanth
Tue Apr  9 21:59:21 2013,http://mail-archives.apache.org/mod_mbox/ambari-commits/201304.mbox/<20130409215922.687C12388994@eris.apache.org>,srimanth
Tue Apr  9 21:59:21 2013,http://mail-archives.apache.org/mod_mbox/ambari-commits/201304.mbox/<20130409215922.687C12388994@eris.apache.org>,srimanth
Tue Apr  9 21:59:21 2013,http://mail-archives.apache.org/mod_mbox/ambari-commits/201304.mbox/<20130409215922.687C12388994@eris.apache.org>,srimanth
Tue Apr  9 21:59:21 2013,http://mail-archives.apache.org/mod_mbox/ambari-commits/201304.mbox/<20130409215922.687C12388994@eris.apache.org>,srimanth
Tue Apr  9 22:13:34 2013,http://mail-archives.apache.org/mod_mbox/ambari-commits/201304.mbox/<20130409221334.77B6D2388847@eris.apache.org>,srimanth
Tue Apr  9 22:13:34 2013,http://mail-archives.apache.org/mod_mbox/ambari-commits/201304.mbox/<20130409221334.77B6D2388847@eris.apache.org>,srimanth
Tue Apr  9 22:13:34 2013,http://mail-archives.apache.org/mod_mbox/ambari-commits/201304.mbox/<20130409221334.77B6D2388847@eris.apache.org>,srimanth
Tue Apr  9 22:13:34 2013,http://mail-archives.apache.org/mod_mbox/ambari-commits/201304.mbox/<20130409221334.77B6D2388847@eris.apache.org>,srimanth
Tue Apr  9 22:13:34 2013,http://mail-archives.apache.org/mod_mbox/ambari-commits/201304.mbox/<20130409221334.77B6D2388847@eris.apache.org>,srimanth
Tue Apr  9 22:24:54 2013,http://mail-archives.apache.org/mod_mbox/ambari-commits/201304.mbox/<20130409222454.D839B2388900@eris.apache.org>,srimanth
Tue Apr  9 22:24:54 2013,http://mail-archives.apache.org/mod_mbox/ambari-commits/201304.mbox/<20130409222454.D839B2388900@eris.apache.org>,srimanth
Tue Apr  9 22:39:26 2013,http://mail-archives.apache.org/mod_mbox/ambari-commits/201304.mbox/<20130409223926.DF8B5238899C@eris.apache.org>,srimanth
Tue Apr  9 22:39:26 2013,http://mail-archives.apache.org/mod_mbox/ambari-commits/201304.mbox/<20130409223926.DF8B5238899C@eris.apache.org>,srimanth
Tue Apr  9 22:54:17 2013,http://mail-archives.apache.org/mod_mbox/ambari-commits/201304.mbox/<20130409225417.F18CB23888FD@eris.apache.org>,srimanth
Tue Apr  9 22:54:17 2013,http://mail-archives.apache.org/mod_mbox/ambari-commits/201304.mbox/<20130409225417.F18CB23888FD@eris.apache.org>,srimanth
Tue Apr  9 22:54:17 2013,http://mail-archives.apache.org/mod_mbox/ambari-commits/201304.mbox/<20130409225417.F18CB23888FD@eris.apache.org>,srimanth
Tue Apr  9 22:54:17 2013,http://mail-archives.apache.org/mod_mbox/ambari-commits/201304.mbox/<20130409225417.F18CB23888FD@eris.apache.org>,srimanth
Tue Apr  9 22:58:22 2013,http://mail-archives.apache.org/mod_mbox/ambari-commits/201304.mbox/<20130409225823.6AEFC23889FA@eris.apache.org>,srimanth
Tue Apr  9 22:58:22 2013,http://mail-archives.apache.org/mod_mbox/ambari-commits/201304.mbox/<20130409225823.6AEFC23889FA@eris.apache.org>,srimanth
Tue Apr  9 22:58:22 2013,http://mail-archives.apache.org/mod_mbox/ambari-commits/201304.mbox/<20130409225823.6AEFC23889FA@eris.apache.org>,srimanth
Tue Apr  9 22:58:22 2013,http://mail-archives.apache.org/mod_mbox/ambari-commits/201304.mbox/<20130409225823.6AEFC23889FA@eris.apache.org>,srimanth
Tue Apr  9 23:32:04 2013,http://mail-archives.apache.org/mod_mbox/ambari-commits/201304.mbox/<20130409233204.97BBC23888EA@eris.apache.org>,srimanth
Tue Apr  9 23:32:04 2013,http://mail-archives.apache.org/mod_mbox/ambari-commits/201304.mbox/<20130409233204.97BBC23888EA@eris.apache.org>,srimanth
Tue Apr  9 23:32:04 2013,http://mail-archives.apache.org/mod_mbox/ambari-commits/201304.mbox/<20130409233204.97BBC23888EA@eris.apache.org>,srimanth
Tue Apr  9 23:49:09 2013,http://mail-archives.apache.org/mod_mbox/ambari-commits/201304.mbox/<20130409234910.510322388847@eris.apache.org>,srimanth
Tue Apr  9 23:49:09 2013,http://mail-archives.apache.org/mod_mbox/ambari-commits/201304.mbox/<20130409234910.510322388847@eris.apache.org>,srimanth
Tue Apr  9 23:49:09 2013,http://mail-archives.apache.org/mod_mbox/ambari-commits/201304.mbox/<20130409234910.510322388847@eris.apache.org>,srimanth
Tue Apr  9 23:49:09 2013,http://mail-archives.apache.org/mod_mbox/ambari-commits/201304.mbox/<20130409234910.510322388847@eris.apache.org>,srimanth
Tue Apr  9 23:49:09 2013,http://mail-archives.apache.org/mod_mbox/ambari-commits/201304.mbox/<20130409234910.510322388847@eris.apache.org>,srimanth
Tue Apr  9 23:49:09 2013,http://mail-archives.apache.org/mod_mbox/ambari-commits/201304.mbox/<20130409234910.510322388847@eris.apache.org>,srimanth
Thu Apr 11 19:43:44 2013,http://mail-archives.apache.org/mod_mbox/ambari-commits/201304.mbox/<20130411194344.5989A2388A3D@eris.apache.org>,srimanth
Thu Apr 11 19:43:44 2013,http://mail-archives.apache.org/mod_mbox/ambari-commits/201304.mbox/<20130411194344.5989A2388A3D@eris.apache.org>,srimanth
Thu Apr 11 20:57:29 2013,http://mail-archives.apache.org/mod_mbox/ambari-commits/201304.mbox/<20130411205730.0E81E23889ED@eris.apache.org>,srimanth
Thu Apr 11 20:57:29 2013,http://mail-archives.apache.org/mod_mbox/ambari-commits/201304.mbox/<20130411205730.0E81E23889ED@eris.apache.org>,srimanth
Thu Apr 11 20:57:29 2013,http://mail-archives.apache.org/mod_mbox/ambari-commits/201304.mbox/<20130411205730.0E81E23889ED@eris.apache.org>,srimanth
Thu Apr 11 20:57:29 2013,http://mail-archives.apache.org/mod_mbox/ambari-commits/201304.mbox/<20130411205730.0E81E23889ED@eris.apache.org>,srimanth
Thu Apr 11 20:57:29 2013,http://mail-archives.apache.org/mod_mbox/ambari-commits/201304.mbox/<20130411205730.0E81E23889ED@eris.apache.org>,srimanth
Thu Apr 11 20:57:29 2013,http://mail-archives.apache.org/mod_mbox/ambari-commits/201304.mbox/<20130411205730.0E81E23889ED@eris.apache.org>,srimanth
Thu Apr 11 21:01:26 2013,http://mail-archives.apache.org/mod_mbox/ambari-commits/201304.mbox/<20130411210126.A2E512388900@eris.apache.org>,srimanth
Thu Apr 11 21:01:26 2013,http://mail-archives.apache.org/mod_mbox/ambari-commits/201304.mbox/<20130411210126.A2E512388900@eris.apache.org>,srimanth
Thu Apr 11 21:01:26 2013,http://mail-archives.apache.org/mod_mbox/ambari-commits/201304.mbox/<20130411210126.A2E512388900@eris.apache.org>,srimanth
Thu Apr 11 21:01:26 2013,http://mail-archives.apache.org/mod_mbox/ambari-commits/201304.mbox/<20130411210126.A2E512388900@eris.apache.org>,srimanth
Thu Apr 11 21:05:33 2013,http://mail-archives.apache.org/mod_mbox/ambari-commits/201304.mbox/<20130411210538.6F7CB2388900@eris.apache.org>,srimanth
Thu Apr 11 21:05:33 2013,http://mail-archives.apache.org/mod_mbox/ambari-commits/201304.mbox/<20130411210538.6F7CB2388900@eris.apache.org>,srimanth
Thu Apr 11 21:05:33 2013,http://mail-archives.apache.org/mod_mbox/ambari-commits/201304.mbox/<20130411210538.6F7CB2388900@eris.apache.org>,srimanth
Thu Apr 11 21:05:33 2013,http://mail-archives.apache.org/mod_mbox/ambari-commits/201304.mbox/<20130411210538.6F7CB2388900@eris.apache.org>,srimanth
Thu Apr 11 21:05:33 2013,http://mail-archives.apache.org/mod_mbox/ambari-commits/201304.mbox/<20130411210538.6F7CB2388900@eris.apache.org>,srimanth
Thu Apr 11 21:05:33 2013,http://mail-archives.apache.org/mod_mbox/ambari-commits/201304.mbox/<20130411210538.6F7CB2388900@eris.apache.org>,srimanth
Thu Apr 11 21:05:33 2013,http://mail-archives.apache.org/mod_mbox/ambari-commits/201304.mbox/<20130411210538.6F7CB2388900@eris.apache.org>,srimanth
Thu Apr 11 21:05:33 2013,http://mail-archives.apache.org/mod_mbox/ambari-commits/201304.mbox/<20130411210538.6F7CB2388900@eris.apache.org>,srimanth
Thu Apr 11 21:05:33 2013,http://mail-archives.apache.org/mod_mbox/ambari-commits/201304.mbox/<20130411210538.6F7CB2388900@eris.apache.org>,srimanth
Thu Apr 11 21:05:33 2013,http://mail-archives.apache.org/mod_mbox/ambari-commits/201304.mbox/<20130411210538.6F7CB2388900@eris.apache.org>,srimanth
Thu Apr 11 21:05:33 2013,http://mail-archives.apache.org/mod_mbox/ambari-commits/201304.mbox/<20130411210538.6F7CB2388900@eris.apache.org>,srimanth
Thu Apr 11 21:05:33 2013,http://mail-archives.apache.org/mod_mbox/ambari-commits/201304.mbox/<20130411210538.6F7CB2388900@eris.apache.org>,srimanth
Thu Apr 11 21:05:33 2013,http://mail-archives.apache.org/mod_mbox/ambari-commits/201304.mbox/<20130411210538.6F7CB2388900@eris.apache.org>,srimanth
Thu Apr 11 21:08:01 2013,http://mail-archives.apache.org/mod_mbox/ambari-commits/201304.mbox/<20130411210801.86E922388900@eris.apache.org>,srimanth
Thu Apr 11 21:08:01 2013,http://mail-archives.apache.org/mod_mbox/ambari-commits/201304.mbox/<20130411210801.86E922388900@eris.apache.org>,srimanth
Thu Apr 11 21:08:01 2013,http://mail-archives.apache.org/mod_mbox/ambari-commits/201304.mbox/<20130411210801.86E922388900@eris.apache.org>,srimanth
Thu Apr 11 21:08:01 2013,http://mail-archives.apache.org/mod_mbox/ambari-commits/201304.mbox/<20130411210801.86E922388900@eris.apache.org>,srimanth
Thu Apr 11 21:08:01 2013,http://mail-archives.apache.org/mod_mbox/ambari-commits/201304.mbox/<20130411210801.86E922388900@eris.apache.org>,srimanth
Thu Apr 11 21:08:01 2013,http://mail-archives.apache.org/mod_mbox/ambari-commits/201304.mbox/<20130411210801.86E922388900@eris.apache.org>,srimanth
Thu Apr 11 21:10:12 2013,http://mail-archives.apache.org/mod_mbox/ambari-commits/201304.mbox/<20130411211013.024A72388900@eris.apache.org>,srimanth
Thu Apr 11 21:10:12 2013,http://mail-archives.apache.org/mod_mbox/ambari-commits/201304.mbox/<20130411211013.024A72388900@eris.apache.org>,srimanth
Thu Apr 11 21:10:12 2013,http://mail-archives.apache.org/mod_mbox/ambari-commits/201304.mbox/<20130411211013.024A72388900@eris.apache.org>,srimanth
Fri Apr 12 00:24:08 2013,http://mail-archives.apache.org/mod_mbox/ambari-commits/201304.mbox/<20130412002408.5CD2923888E4@eris.apache.org>,srimanth
Fri Apr 12 00:24:08 2013,http://mail-archives.apache.org/mod_mbox/ambari-commits/201304.mbox/<20130412002408.5CD2923888E4@eris.apache.org>,srimanth
Fri Apr 12 00:24:08 2013,http://mail-archives.apache.org/mod_mbox/ambari-commits/201304.mbox/<20130412002408.5CD2923888E4@eris.apache.org>,srimanth
Fri Apr 12 00:24:08 2013,http://mail-archives.apache.org/mod_mbox/ambari-commits/201304.mbox/<20130412002408.5CD2923888E4@eris.apache.org>,srimanth
Sat Apr 13 00:18:50 2013,http://mail-archives.apache.org/mod_mbox/ambari-commits/201304.mbox/<20130413001850.63C4523888CD@eris.apache.org>,srimanth
Sat Apr 13 00:18:50 2013,http://mail-archives.apache.org/mod_mbox/ambari-commits/201304.mbox/<20130413001850.63C4523888CD@eris.apache.org>,srimanth
Sat Apr 13 00:18:50 2013,http://mail-archives.apache.org/mod_mbox/ambari-commits/201304.mbox/<20130413001850.63C4523888CD@eris.apache.org>,srimanth
Tue Apr 16 00:38:29 2013,http://mail-archives.apache.org/mod_mbox/ambari-commits/201304.mbox/<20130416003830.1917423889BB@eris.apache.org>,srimanth
Tue Apr 16 00:38:29 2013,http://mail-archives.apache.org/mod_mbox/ambari-commits/201304.mbox/<20130416003830.1917423889BB@eris.apache.org>,srimanth
Tue Apr 16 00:38:29 2013,http://mail-archives.apache.org/mod_mbox/ambari-commits/201304.mbox/<20130416003830.1917423889BB@eris.apache.org>,srimanth
Tue Apr 16 00:38:29 2013,http://mail-archives.apache.org/mod_mbox/ambari-commits/201304.mbox/<20130416003830.1917423889BB@eris.apache.org>,srimanth
Tue Apr 16 00:38:29 2013,http://mail-archives.apache.org/mod_mbox/ambari-commits/201304.mbox/<20130416003830.1917423889BB@eris.apache.org>,srimanth
Tue Apr 16 00:38:29 2013,http://mail-archives.apache.org/mod_mbox/ambari-commits/201304.mbox/<20130416003830.1917423889BB@eris.apache.org>,srimanth
Tue Apr 16 00:38:29 2013,http://mail-archives.apache.org/mod_mbox/ambari-commits/201304.mbox/<20130416003830.1917423889BB@eris.apache.org>,srimanth
Wed Apr 17 02:15:19 2013,http://mail-archives.apache.org/mod_mbox/ambari-commits/201304.mbox/<20130417021519.7A86F2388847@eris.apache.org>,srimanth
Wed Apr 17 02:15:19 2013,http://mail-archives.apache.org/mod_mbox/ambari-commits/201304.mbox/<20130417021519.7A86F2388847@eris.apache.org>,srimanth
