human_date_time,link,dealised_author_full_name
Wed Nov 21 16:08:28 2012,http://mail-archives.apache.org/mod_mbox/flex-dev/201211.mbox/<CA+W8zUM05Y4_q-x8Rcmtkw3sS23tXikfd7wTVpSKBShaxSLn9Q@mail.gmail.com>,cosma colanicchia
Wed Nov 21 18:07:48 2012,http://mail-archives.apache.org/mod_mbox/flex-dev/201211.mbox/<CA+W8zUNXXSw68e7OgzVh=_wt7U3aQQaZzQvTFb3dnuVVuSFcrw@mail.gmail.com>,cosma colanicchia
Thu Nov 22 09:03:21 2012,http://mail-archives.apache.org/mod_mbox/flex-dev/201211.mbox/<CA+W8zUM1G_Xaw3ykX_U1OQQx7oe9ypgE-JR5Z+Oq67jH3oc-TQ@mail.gmail.com>,cosma colanicchia
