human_date_time,link,dealised_author_full_name
Sat Jan  7 00:04:20 2012,http://mail-archives.apache.org/mod_mbox/openoffice-dev/201201.mbox/<4F077DF4.90200@miguelangel.mobi>,miguelangel
Mon Jan  9 00:30:39 2012,http://mail-archives.apache.org/mod_mbox/openoffice-dev/201201.mbox/<4F0A271F.3050309@miguelangel.mobi>,miguelangel
