human_date_time,link,dealised_author_full_name
Mon Oct 22 15:39:28 2018,http://mail-archives.apache.org/mod_mbox/gobblin-commits/201810.mbox/<4270df33e9b64bc094163a30b19daefe@git.apache.org>,carl shen
Mon Oct 22 15:39:28 2018,http://mail-archives.apache.org/mod_mbox/gobblin-commits/201810.mbox/<4270df33e9b64bc094163a30b19daefe@git.apache.org>,carl shen
Mon Oct 22 15:39:28 2018,http://mail-archives.apache.org/mod_mbox/gobblin-commits/201810.mbox/<4270df33e9b64bc094163a30b19daefe@git.apache.org>,carl shen
Mon Oct 22 15:39:28 2018,http://mail-archives.apache.org/mod_mbox/gobblin-commits/201810.mbox/<4270df33e9b64bc094163a30b19daefe@git.apache.org>,carl shen
Mon Oct 22 15:39:28 2018,http://mail-archives.apache.org/mod_mbox/gobblin-commits/201810.mbox/<4270df33e9b64bc094163a30b19daefe@git.apache.org>,carl shen
Mon Oct 22 15:39:28 2018,http://mail-archives.apache.org/mod_mbox/gobblin-commits/201810.mbox/<4270df33e9b64bc094163a30b19daefe@git.apache.org>,carl shen
Mon Oct 22 15:39:28 2018,http://mail-archives.apache.org/mod_mbox/gobblin-commits/201810.mbox/<4270df33e9b64bc094163a30b19daefe@git.apache.org>,carl shen
Mon Oct 22 15:39:28 2018,http://mail-archives.apache.org/mod_mbox/gobblin-commits/201810.mbox/<4270df33e9b64bc094163a30b19daefe@git.apache.org>,carl shen
Mon Oct 22 15:39:28 2018,http://mail-archives.apache.org/mod_mbox/gobblin-commits/201810.mbox/<4270df33e9b64bc094163a30b19daefe@git.apache.org>,carl shen
Mon Oct 22 15:39:28 2018,http://mail-archives.apache.org/mod_mbox/gobblin-commits/201810.mbox/<4270df33e9b64bc094163a30b19daefe@git.apache.org>,carl shen
Mon Oct 22 15:39:28 2018,http://mail-archives.apache.org/mod_mbox/gobblin-commits/201810.mbox/<4270df33e9b64bc094163a30b19daefe@git.apache.org>,carl shen
Mon Oct 22 15:39:28 2018,http://mail-archives.apache.org/mod_mbox/gobblin-commits/201810.mbox/<4270df33e9b64bc094163a30b19daefe@git.apache.org>,carl shen
Mon Oct 22 15:39:28 2018,http://mail-archives.apache.org/mod_mbox/gobblin-commits/201810.mbox/<4270df33e9b64bc094163a30b19daefe@git.apache.org>,carl shen
Mon Oct 22 15:39:28 2018,http://mail-archives.apache.org/mod_mbox/gobblin-commits/201810.mbox/<4270df33e9b64bc094163a30b19daefe@git.apache.org>,carl shen
Mon Oct 22 15:39:28 2018,http://mail-archives.apache.org/mod_mbox/gobblin-commits/201810.mbox/<4270df33e9b64bc094163a30b19daefe@git.apache.org>,carl shen
Mon Oct 22 15:39:28 2018,http://mail-archives.apache.org/mod_mbox/gobblin-commits/201810.mbox/<4270df33e9b64bc094163a30b19daefe@git.apache.org>,carl shen
