human_date_time,link,dealised_author_full_name
Wed May 13 06:37:40 2020,http://mail-archives.apache.org/mod_mbox/tvm-commits/202005.mbox/<158935186018.3783.7381138893467527254@gitbox.apache.org>,lixiaoquan
Wed May 13 06:37:40 2020,http://mail-archives.apache.org/mod_mbox/tvm-commits/202005.mbox/<158935186018.3783.7381138893467527254@gitbox.apache.org>,lixiaoquan
Wed May 13 06:37:40 2020,http://mail-archives.apache.org/mod_mbox/tvm-commits/202005.mbox/<158935186018.3783.7381138893467527254@gitbox.apache.org>,lixiaoquan
Wed May 13 06:37:40 2020,http://mail-archives.apache.org/mod_mbox/tvm-commits/202005.mbox/<158935186018.3783.7381138893467527254@gitbox.apache.org>,lixiaoquan
Wed May 13 06:37:40 2020,http://mail-archives.apache.org/mod_mbox/tvm-commits/202005.mbox/<158935186018.3783.7381138893467527254@gitbox.apache.org>,lixiaoquan
Wed May 13 06:37:40 2020,http://mail-archives.apache.org/mod_mbox/tvm-commits/202005.mbox/<158935186018.3783.7381138893467527254@gitbox.apache.org>,lixiaoquan
Wed May 13 06:37:40 2020,http://mail-archives.apache.org/mod_mbox/tvm-commits/202005.mbox/<158935186018.3783.7381138893467527254@gitbox.apache.org>,lixiaoquan
Wed May 13 06:37:40 2020,http://mail-archives.apache.org/mod_mbox/tvm-commits/202005.mbox/<158935186018.3783.7381138893467527254@gitbox.apache.org>,lixiaoquan
Wed May 13 06:37:40 2020,http://mail-archives.apache.org/mod_mbox/tvm-commits/202005.mbox/<158935186018.3783.7381138893467527254@gitbox.apache.org>,lixiaoquan
Wed May 13 06:37:40 2020,http://mail-archives.apache.org/mod_mbox/tvm-commits/202005.mbox/<158935186018.3783.7381138893467527254@gitbox.apache.org>,lixiaoquan
Wed May 13 06:37:40 2020,http://mail-archives.apache.org/mod_mbox/tvm-commits/202005.mbox/<158935186018.3783.7381138893467527254@gitbox.apache.org>,lixiaoquan
Wed May 13 06:37:40 2020,http://mail-archives.apache.org/mod_mbox/tvm-commits/202005.mbox/<158935186018.3783.7381138893467527254@gitbox.apache.org>,lixiaoquan
Wed May 13 06:37:40 2020,http://mail-archives.apache.org/mod_mbox/tvm-commits/202005.mbox/<158935186018.3783.7381138893467527254@gitbox.apache.org>,lixiaoquan
Wed May 13 06:37:40 2020,http://mail-archives.apache.org/mod_mbox/tvm-commits/202005.mbox/<158935186018.3783.7381138893467527254@gitbox.apache.org>,lixiaoquan
Wed May 13 06:37:40 2020,http://mail-archives.apache.org/mod_mbox/tvm-commits/202005.mbox/<158935186018.3783.7381138893467527254@gitbox.apache.org>,lixiaoquan
Wed May 13 06:37:40 2020,http://mail-archives.apache.org/mod_mbox/tvm-commits/202005.mbox/<158935186018.3783.7381138893467527254@gitbox.apache.org>,lixiaoquan
Wed May 13 06:37:40 2020,http://mail-archives.apache.org/mod_mbox/tvm-commits/202005.mbox/<158935186018.3783.7381138893467527254@gitbox.apache.org>,lixiaoquan
Wed May 13 06:37:40 2020,http://mail-archives.apache.org/mod_mbox/tvm-commits/202005.mbox/<158935186018.3783.7381138893467527254@gitbox.apache.org>,lixiaoquan
Tue May 26 18:29:40 2020,http://mail-archives.apache.org/mod_mbox/tvm-commits/202005.mbox/<159051778038.4601.1986290936644985678@gitbox.apache.org>,lixiaoquan
Tue May 26 18:29:40 2020,http://mail-archives.apache.org/mod_mbox/tvm-commits/202005.mbox/<159051778038.4601.1986290936644985678@gitbox.apache.org>,lixiaoquan
