human_date_time,link,dealised_author_full_name
Wed Oct 14 21:11:05 2015,http://mail-archives.apache.org/mod_mbox/streams-dev/201510.mbox/<JIRA.12904969.1444850430000.41524.1444857065350@Atlassian.JIRA>,asf github bot
Wed Oct 14 21:11:05 2015,http://mail-archives.apache.org/mod_mbox/streams-dev/201510.mbox/<JIRA.12895905.1443041920000.41522.1444857065207@Atlassian.JIRA>,asf github bot
Mon Oct 19 14:12:05 2015,http://mail-archives.apache.org/mod_mbox/streams-dev/201510.mbox/<JIRA.12904969.1444850430000.74479.1445263925153@Atlassian.JIRA>,asf github bot
Mon Oct 19 14:14:05 2015,http://mail-archives.apache.org/mod_mbox/streams-dev/201510.mbox/<JIRA.12904969.1444850430000.74484.1445264045016@Atlassian.JIRA>,asf github bot
Mon Oct 19 14:16:05 2015,http://mail-archives.apache.org/mod_mbox/streams-dev/201510.mbox/<JIRA.12904969.1444850430000.74492.1445264165114@Atlassian.JIRA>,asf github bot
Mon Oct 19 14:20:05 2015,http://mail-archives.apache.org/mod_mbox/streams-dev/201510.mbox/<JIRA.12904969.1444850430000.74502.1445264405126@Atlassian.JIRA>,asf github bot
Mon Oct 19 14:21:05 2015,http://mail-archives.apache.org/mod_mbox/streams-dev/201510.mbox/<JIRA.12904969.1444850430000.74522.1445264465297@Atlassian.JIRA>,asf github bot
Mon Oct 19 14:22:05 2015,http://mail-archives.apache.org/mod_mbox/streams-dev/201510.mbox/<JIRA.12904969.1444850430000.74530.1445264525149@Atlassian.JIRA>,asf github bot
Mon Oct 19 14:28:05 2015,http://mail-archives.apache.org/mod_mbox/streams-dev/201510.mbox/<JIRA.12895905.1443041920000.74561.1445264885138@Atlassian.JIRA>,asf github bot
Mon Oct 19 19:20:27 2015,http://mail-archives.apache.org/mod_mbox/streams-dev/201510.mbox/<JIRA.12904969.1444850430000.599.1445282427715@Atlassian.JIRA>,asf github bot
Mon Oct 19 19:24:27 2015,http://mail-archives.apache.org/mod_mbox/streams-dev/201510.mbox/<JIRA.12904969.1444850430000.611.1445282667716@Atlassian.JIRA>,asf github bot
Mon Oct 19 19:27:27 2015,http://mail-archives.apache.org/mod_mbox/streams-dev/201510.mbox/<JIRA.12904969.1444850430000.638.1445282847681@Atlassian.JIRA>,asf github bot
Mon Oct 19 19:30:27 2015,http://mail-archives.apache.org/mod_mbox/streams-dev/201510.mbox/<JIRA.12904969.1444850430000.661.1445283027770@Atlassian.JIRA>,asf github bot
Mon Oct 19 19:32:27 2015,http://mail-archives.apache.org/mod_mbox/streams-dev/201510.mbox/<JIRA.12904969.1444850430000.676.1445283147761@Atlassian.JIRA>,asf github bot
Mon Oct 19 19:34:27 2015,http://mail-archives.apache.org/mod_mbox/streams-dev/201510.mbox/<JIRA.12904969.1444850430000.679.1445283267708@Atlassian.JIRA>,asf github bot
Mon Oct 19 19:56:27 2015,http://mail-archives.apache.org/mod_mbox/streams-dev/201510.mbox/<JIRA.12895905.1443041920000.886.1445284587714@Atlassian.JIRA>,asf github bot
Tue Oct 20 14:37:27 2015,http://mail-archives.apache.org/mod_mbox/streams-dev/201510.mbox/<JIRA.12904969.1444850430000.7916.1445351847732@Atlassian.JIRA>,asf github bot
Tue Oct 20 17:58:27 2015,http://mail-archives.apache.org/mod_mbox/streams-dev/201510.mbox/<JIRA.12906323.1445363194000.9720.1445363907834@Atlassian.JIRA>,asf github bot
Tue Oct 20 18:00:28 2015,http://mail-archives.apache.org/mod_mbox/streams-dev/201510.mbox/<JIRA.12895905.1443041920000.9727.1445364028623@Atlassian.JIRA>,asf github bot
Thu Oct 22 19:30:27 2015,http://mail-archives.apache.org/mod_mbox/streams-dev/201510.mbox/<JIRA.12895905.1443041920000.32359.1445542227726@Atlassian.JIRA>,asf github bot
Fri Oct 23 21:20:28 2015,http://mail-archives.apache.org/mod_mbox/streams-dev/201510.mbox/<JIRA.12907188.1445542158000.45560.1445635228205@Atlassian.JIRA>,asf github bot
Fri Oct 23 21:26:27 2015,http://mail-archives.apache.org/mod_mbox/streams-dev/201510.mbox/<JIRA.12861677.1441314706000.45650.1445635587722@Atlassian.JIRA>,asf github bot
Fri Oct 23 21:27:27 2015,http://mail-archives.apache.org/mod_mbox/streams-dev/201510.mbox/<JIRA.12861677.1441314706000.45652.1445635647684@Atlassian.JIRA>,asf github bot
Fri Oct 30 16:23:28 2015,http://mail-archives.apache.org/mod_mbox/streams-dev/201510.mbox/<JIRA.12909102.1446174299000.109390.1446222208225@Atlassian.JIRA>,asf github bot
Fri Oct 30 18:15:27 2015,http://mail-archives.apache.org/mod_mbox/streams-dev/201510.mbox/<JIRA.12895905.1443041920000.110601.1446228927699@Atlassian.JIRA>,asf github bot
Fri Oct 30 21:54:27 2015,http://mail-archives.apache.org/mod_mbox/streams-dev/201510.mbox/<JIRA.12909102.1446174299000.112672.1446242067850@Atlassian.JIRA>,asf github bot
Fri Oct 30 22:22:27 2015,http://mail-archives.apache.org/mod_mbox/streams-dev/201510.mbox/<JIRA.12909102.1446174299000.112946.1446243747760@Atlassian.JIRA>,asf github bot
