human_date_time,link,dealised_author_full_name
Tue Jul 14 13:54:56 2020,http://mail-archives.apache.org/mod_mbox/ratis-dev/202007.mbox/<CADeNhS3igZewNGrU05tLFt_5D10imuz2wLxdqZceqTRAh1AAhw@mail.gmail.com>,xiaoyu yao
Wed Jul 29 13:21:46 2020,http://mail-archives.apache.org/mod_mbox/ratis-dev/202007.mbox/<CADeNhS3eF8ZVddJqOT2nm2oLYtyYsup06sPwwXK01reYtMFx6w@mail.gmail.com>,xiaoyu yao
