human_date_time,link,dealised_author_full_name
Sat Dec 19 14:13:22 2009,http://mail-archives.apache.org/mod_mbox/subversion-commits/200912.mbox/<20091219141325.31DEB238898B@eris.apache.org>,stefan sperling
Sat Dec 19 14:13:22 2009,http://mail-archives.apache.org/mod_mbox/subversion-commits/200912.mbox/<20091219141325.31DEB238898B@eris.apache.org>,stefan sperling
Sat Dec 19 14:13:22 2009,http://mail-archives.apache.org/mod_mbox/subversion-commits/200912.mbox/<20091219141325.31DEB238898B@eris.apache.org>,stefan sperling
Sat Dec 19 14:13:22 2009,http://mail-archives.apache.org/mod_mbox/subversion-commits/200912.mbox/<20091219141325.31DEB238898B@eris.apache.org>,stefan sperling
Sat Dec 19 14:13:22 2009,http://mail-archives.apache.org/mod_mbox/subversion-commits/200912.mbox/<20091219141325.31DEB238898B@eris.apache.org>,stefan sperling
Sat Dec 19 14:13:22 2009,http://mail-archives.apache.org/mod_mbox/subversion-commits/200912.mbox/<20091219141325.31DEB238898B@eris.apache.org>,stefan sperling
Sat Dec 19 14:13:22 2009,http://mail-archives.apache.org/mod_mbox/subversion-commits/200912.mbox/<20091219141325.31DEB238898B@eris.apache.org>,stefan sperling
Sat Dec 19 14:40:38 2009,http://mail-archives.apache.org/mod_mbox/subversion-commits/200912.mbox/<20091219144038.1A2332388A18@eris.apache.org>,stefan sperling
Tue Dec 22 19:37:49 2009,http://mail-archives.apache.org/mod_mbox/subversion-commits/200912.mbox/<20091222193749.C04EE2388996@eris.apache.org>,stefan sperling
