human_date_time,link,dealised_author_full_name
Mon Jan  5 19:35:43 2009,http://mail-archives.apache.org/mod_mbox/pdfbox-commits/200901.mbox/<20090105193544.526B0238899B@eris.apache.org>,andreas lehmkühler
Tue Jan  6 17:19:44 2009,http://mail-archives.apache.org/mod_mbox/pdfbox-commits/200901.mbox/<20090106171944.5740D2388870@eris.apache.org>,andreas lehmkühler
Tue Jan  6 18:30:18 2009,http://mail-archives.apache.org/mod_mbox/pdfbox-commits/200901.mbox/<20090106183018.61A3D2388AFA@eris.apache.org>,andreas lehmkühler
Tue Jan  6 21:57:24 2009,http://mail-archives.apache.org/mod_mbox/pdfbox-commits/200901.mbox/<20090106215724.DB6B7238895D@eris.apache.org>,andreas lehmkühler
Sat Jan 10 10:49:57 2009,http://mail-archives.apache.org/mod_mbox/pdfbox-commits/200901.mbox/<20090110104957.6447023888E7@eris.apache.org>,andreas lehmkühler
Fri Jan 16 17:27:18 2009,http://mail-archives.apache.org/mod_mbox/pdfbox-commits/200901.mbox/<20090116172728.A411A23888A3@eris.apache.org>,andreas lehmkühler
Sat Jan 17 18:49:41 2009,http://mail-archives.apache.org/mod_mbox/pdfbox-commits/200901.mbox/<20090117184942.342BA2388986@eris.apache.org>,andreas lehmkühler
Sat Jan 17 18:49:41 2009,http://mail-archives.apache.org/mod_mbox/pdfbox-commits/200901.mbox/<20090117184942.342BA2388986@eris.apache.org>,andreas lehmkühler
Sat Jan 17 18:49:41 2009,http://mail-archives.apache.org/mod_mbox/pdfbox-commits/200901.mbox/<20090117184942.342BA2388986@eris.apache.org>,andreas lehmkühler
Sat Jan 17 18:49:41 2009,http://mail-archives.apache.org/mod_mbox/pdfbox-commits/200901.mbox/<20090117184942.342BA2388986@eris.apache.org>,andreas lehmkühler
Sat Jan 17 18:49:41 2009,http://mail-archives.apache.org/mod_mbox/pdfbox-commits/200901.mbox/<20090117184942.342BA2388986@eris.apache.org>,andreas lehmkühler
Sat Jan 17 18:49:41 2009,http://mail-archives.apache.org/mod_mbox/pdfbox-commits/200901.mbox/<20090117184942.342BA2388986@eris.apache.org>,andreas lehmkühler
Sun Jan 18 16:13:25 2009,http://mail-archives.apache.org/mod_mbox/pdfbox-commits/200901.mbox/<20090118161325.9307D23889BB@eris.apache.org>,andreas lehmkühler
Sun Jan 18 16:13:25 2009,http://mail-archives.apache.org/mod_mbox/pdfbox-commits/200901.mbox/<20090118161325.9307D23889BB@eris.apache.org>,andreas lehmkühler
Sun Jan 18 17:19:07 2009,http://mail-archives.apache.org/mod_mbox/pdfbox-commits/200901.mbox/<20090118171907.1BFC92388A23@eris.apache.org>,andreas lehmkühler
Sun Jan 18 19:08:46 2009,http://mail-archives.apache.org/mod_mbox/pdfbox-commits/200901.mbox/<20090118190846.8CDA62388988@eris.apache.org>,andreas lehmkühler
Wed Jan 21 06:38:30 2009,http://mail-archives.apache.org/mod_mbox/pdfbox-commits/200901.mbox/<20090121063830.6DE66238896B@eris.apache.org>,andreas lehmkühler
Sat Jan 24 09:36:41 2009,http://mail-archives.apache.org/mod_mbox/pdfbox-commits/200901.mbox/<20090124093641.525482388999@eris.apache.org>,andreas lehmkühler
Mon Jan 26 06:19:58 2009,http://mail-archives.apache.org/mod_mbox/pdfbox-commits/200901.mbox/<20090126061958.3B54D238889E@eris.apache.org>,andreas lehmkühler
Mon Jan 26 06:19:58 2009,http://mail-archives.apache.org/mod_mbox/pdfbox-commits/200901.mbox/<20090126061958.3B54D238889E@eris.apache.org>,andreas lehmkühler
