human_date_time,link,dealised_author_full_name
Wed Feb 16 23:35:22 2011,http://mail-archives.apache.org/mod_mbox/ant-user/201102.mbox/<AANLkTim_Sjy-uzUosUgFVjD0Yqsr5qAs_bTFXewsfZxE@mail.gmail.com>,chandu uppu
