human_date_time,link,dealised_author_full_name
Thu Oct  8 13:31:31 2009,http://mail-archives.apache.org/mod_mbox/stonehenge-dev/200910.mbox/<2076409626.1255033891352.JavaMail.jira@brutus>,pablo mariano cibraro
Tue Oct 13 10:03:31 2009,http://mail-archives.apache.org/mod_mbox/stonehenge-dev/200910.mbox/<2056700292.1255453411314.JavaMail.jira@brutus>,pablo mariano cibraro
Tue Oct 13 10:05:31 2009,http://mail-archives.apache.org/mod_mbox/stonehenge-dev/200910.mbox/<760930915.1255453531291.JavaMail.jira@brutus>,pablo mariano cibraro
Mon Oct 19 15:55:59 2009,http://mail-archives.apache.org/mod_mbox/stonehenge-dev/200910.mbox/<1917219729.1255967759384.JavaMail.jira@brutus>,pablo mariano cibraro
Mon Oct 19 15:57:59 2009,http://mail-archives.apache.org/mod_mbox/stonehenge-dev/200910.mbox/<2039780006.1255967879389.JavaMail.jira@brutus>,pablo mariano cibraro
Mon Oct 19 15:59:59 2009,http://mail-archives.apache.org/mod_mbox/stonehenge-dev/200910.mbox/<883353573.1255967999669.JavaMail.jira@brutus>,pablo mariano cibraro
Mon Oct 19 16:02:00 2009,http://mail-archives.apache.org/mod_mbox/stonehenge-dev/200910.mbox/<2094422159.1255968120591.JavaMail.jira@brutus>,pablo mariano cibraro
Mon Oct 19 16:02:00 2009,http://mail-archives.apache.org/mod_mbox/stonehenge-dev/200910.mbox/<1305043816.1255968120504.JavaMail.jira@brutus>,pablo mariano cibraro
Mon Oct 19 16:05:59 2009,http://mail-archives.apache.org/mod_mbox/stonehenge-dev/200910.mbox/<1884567131.1255968359553.JavaMail.jira@brutus>,pablo mariano cibraro
Mon Oct 19 16:05:59 2009,http://mail-archives.apache.org/mod_mbox/stonehenge-dev/200910.mbox/<578289556.1255968359568.JavaMail.jira@brutus>,pablo mariano cibraro
Mon Oct 19 16:05:59 2009,http://mail-archives.apache.org/mod_mbox/stonehenge-dev/200910.mbox/<1696459271.1255968359583.JavaMail.jira@brutus>,pablo mariano cibraro
Mon Oct 26 20:48:59 2009,http://mail-archives.apache.org/mod_mbox/stonehenge-dev/200910.mbox/<1379050832.1256590139512.JavaMail.jira@brutus>,pablo mariano cibraro
Mon Oct 26 20:50:59 2009,http://mail-archives.apache.org/mod_mbox/stonehenge-dev/200910.mbox/<321748898.1256590259397.JavaMail.jira@brutus>,pablo mariano cibraro
Mon Oct 26 21:16:59 2009,http://mail-archives.apache.org/mod_mbox/stonehenge-dev/200910.mbox/<2101216615.1256591819456.JavaMail.jira@brutus>,pablo mariano cibraro
