human_date_time,link,dealised_author_full_name
Sat Jan 21 16:09:10 2012,http://mail-archives.apache.org/mod_mbox/flex-dev/201201.mbox/<B621E0C2-D65D-46FF-BC1B-A3BF9A3068B7@gmx.de>,markus gritsch
Sat Jan 21 17:24:51 2012,http://mail-archives.apache.org/mod_mbox/flex-dev/201201.mbox/<2AC56D54-5E67-44DC-9391-938F0C5E507E@gmx.de>,markus gritsch
Tue Jan 24 16:12:07 2012,http://mail-archives.apache.org/mod_mbox/flex-dev/201201.mbox/<CA375137-D329-46E9-998A-C69BB6DCFC72@gmx.de>,markus gritsch
