human_date_time,link,dealised_author_full_name
Tue Jan 12 15:29:31 2010,http://mail-archives.apache.org/mod_mbox/subversion-users/201001.mbox/<AC57B2396432C849B2D051326C61AF207CE7B1@vtserver.Veritran.local>,leonardo kausilas
