human_date_time,link,dealised_author_full_name
Thu Oct 23 20:02:36 2014,http://mail-archives.apache.org/mod_mbox/reef-commits/201410.mbox/<8d8fdfc4bf2a4478bd4c3ad6b181e059@git.apache.org>,markus weimer
Thu Oct 23 20:02:36 2014,http://mail-archives.apache.org/mod_mbox/reef-commits/201410.mbox/<8d8fdfc4bf2a4478bd4c3ad6b181e059@git.apache.org>,markus weimer
Thu Oct 23 20:02:36 2014,http://mail-archives.apache.org/mod_mbox/reef-commits/201410.mbox/<8d8fdfc4bf2a4478bd4c3ad6b181e059@git.apache.org>,markus weimer
Thu Oct 23 20:02:36 2014,http://mail-archives.apache.org/mod_mbox/reef-commits/201410.mbox/<8d8fdfc4bf2a4478bd4c3ad6b181e059@git.apache.org>,markus weimer
Thu Oct 23 20:02:36 2014,http://mail-archives.apache.org/mod_mbox/reef-commits/201410.mbox/<8d8fdfc4bf2a4478bd4c3ad6b181e059@git.apache.org>,markus weimer
Thu Oct 23 20:02:36 2014,http://mail-archives.apache.org/mod_mbox/reef-commits/201410.mbox/<8d8fdfc4bf2a4478bd4c3ad6b181e059@git.apache.org>,markus weimer
Thu Oct 23 20:02:36 2014,http://mail-archives.apache.org/mod_mbox/reef-commits/201410.mbox/<8d8fdfc4bf2a4478bd4c3ad6b181e059@git.apache.org>,markus weimer
Thu Oct 23 20:02:36 2014,http://mail-archives.apache.org/mod_mbox/reef-commits/201410.mbox/<8d8fdfc4bf2a4478bd4c3ad6b181e059@git.apache.org>,markus weimer
Thu Oct 23 20:02:36 2014,http://mail-archives.apache.org/mod_mbox/reef-commits/201410.mbox/<8d8fdfc4bf2a4478bd4c3ad6b181e059@git.apache.org>,markus weimer
Thu Oct 23 20:02:36 2014,http://mail-archives.apache.org/mod_mbox/reef-commits/201410.mbox/<8d8fdfc4bf2a4478bd4c3ad6b181e059@git.apache.org>,markus weimer
Thu Oct 23 20:02:36 2014,http://mail-archives.apache.org/mod_mbox/reef-commits/201410.mbox/<8d8fdfc4bf2a4478bd4c3ad6b181e059@git.apache.org>,markus weimer
Thu Oct 23 20:02:36 2014,http://mail-archives.apache.org/mod_mbox/reef-commits/201410.mbox/<8d8fdfc4bf2a4478bd4c3ad6b181e059@git.apache.org>,markus weimer
Thu Oct 23 20:02:36 2014,http://mail-archives.apache.org/mod_mbox/reef-commits/201410.mbox/<8d8fdfc4bf2a4478bd4c3ad6b181e059@git.apache.org>,markus weimer
Thu Oct 23 20:02:36 2014,http://mail-archives.apache.org/mod_mbox/reef-commits/201410.mbox/<8d8fdfc4bf2a4478bd4c3ad6b181e059@git.apache.org>,markus weimer
Thu Oct 23 20:02:36 2014,http://mail-archives.apache.org/mod_mbox/reef-commits/201410.mbox/<8d8fdfc4bf2a4478bd4c3ad6b181e059@git.apache.org>,markus weimer
Thu Oct 23 20:02:36 2014,http://mail-archives.apache.org/mod_mbox/reef-commits/201410.mbox/<8d8fdfc4bf2a4478bd4c3ad6b181e059@git.apache.org>,markus weimer
Thu Oct 23 20:02:36 2014,http://mail-archives.apache.org/mod_mbox/reef-commits/201410.mbox/<8d8fdfc4bf2a4478bd4c3ad6b181e059@git.apache.org>,markus weimer
Thu Oct 23 20:02:36 2014,http://mail-archives.apache.org/mod_mbox/reef-commits/201410.mbox/<8d8fdfc4bf2a4478bd4c3ad6b181e059@git.apache.org>,markus weimer
Thu Oct 23 20:02:36 2014,http://mail-archives.apache.org/mod_mbox/reef-commits/201410.mbox/<8d8fdfc4bf2a4478bd4c3ad6b181e059@git.apache.org>,markus weimer
Thu Oct 23 20:02:36 2014,http://mail-archives.apache.org/mod_mbox/reef-commits/201410.mbox/<8d8fdfc4bf2a4478bd4c3ad6b181e059@git.apache.org>,markus weimer
Thu Oct 23 20:02:36 2014,http://mail-archives.apache.org/mod_mbox/reef-commits/201410.mbox/<8d8fdfc4bf2a4478bd4c3ad6b181e059@git.apache.org>,markus weimer
Thu Oct 23 20:02:36 2014,http://mail-archives.apache.org/mod_mbox/reef-commits/201410.mbox/<8d8fdfc4bf2a4478bd4c3ad6b181e059@git.apache.org>,markus weimer
Thu Oct 23 20:02:36 2014,http://mail-archives.apache.org/mod_mbox/reef-commits/201410.mbox/<8d8fdfc4bf2a4478bd4c3ad6b181e059@git.apache.org>,markus weimer
Thu Oct 23 20:02:36 2014,http://mail-archives.apache.org/mod_mbox/reef-commits/201410.mbox/<8d8fdfc4bf2a4478bd4c3ad6b181e059@git.apache.org>,markus weimer
Thu Oct 23 20:02:36 2014,http://mail-archives.apache.org/mod_mbox/reef-commits/201410.mbox/<8d8fdfc4bf2a4478bd4c3ad6b181e059@git.apache.org>,markus weimer
Thu Oct 23 20:02:36 2014,http://mail-archives.apache.org/mod_mbox/reef-commits/201410.mbox/<8d8fdfc4bf2a4478bd4c3ad6b181e059@git.apache.org>,markus weimer
Thu Oct 23 20:02:36 2014,http://mail-archives.apache.org/mod_mbox/reef-commits/201410.mbox/<8d8fdfc4bf2a4478bd4c3ad6b181e059@git.apache.org>,markus weimer
