human_date_time,link,dealised_author_full_name
Tue May  3 20:42:14 2016,http://mail-archives.apache.org/mod_mbox/beam-commits/201605.mbox/<git-pr-280-incubator-beam@git.apache.org>,swegner
Fri May  6 17:40:36 2016,http://mail-archives.apache.org/mod_mbox/beam-commits/201605.mbox/<git-pr-300-incubator-beam@git.apache.org>,swegner
Tue May 10 18:25:28 2016,http://mail-archives.apache.org/mod_mbox/beam-commits/201605.mbox/<git-pr-315-incubator-beam@git.apache.org>,swegner
Wed May 11 16:38:29 2016,http://mail-archives.apache.org/mod_mbox/beam-commits/201605.mbox/<git-pr-325-incubator-beam@git.apache.org>,swegner
Thu May 12 18:49:06 2016,http://mail-archives.apache.org/mod_mbox/beam-commits/201605.mbox/<git-pr-330-incubator-beam@git.apache.org>,swegner
Mon May 16 17:46:45 2016,http://mail-archives.apache.org/mod_mbox/beam-commits/201605.mbox/<git-pr-338-incubator-beam@git.apache.org>,swegner
Thu May 19 17:52:11 2016,http://mail-archives.apache.org/mod_mbox/beam-commits/201605.mbox/<git-pr-355-incubator-beam@git.apache.org>,swegner
Thu May 19 20:10:57 2016,http://mail-archives.apache.org/mod_mbox/beam-commits/201605.mbox/<git-pr-357-incubator-beam@git.apache.org>,swegner
Mon May 23 21:35:38 2016,http://mail-archives.apache.org/mod_mbox/beam-commits/201605.mbox/<git-pr-375-incubator-beam@git.apache.org>,swegner
Wed May 25 18:09:53 2016,http://mail-archives.apache.org/mod_mbox/beam-commits/201605.mbox/<git-pr-389-incubator-beam@git.apache.org>,swegner
Wed May 25 18:51:55 2016,http://mail-archives.apache.org/mod_mbox/beam-commits/201605.mbox/<git-pr-390-incubator-beam@git.apache.org>,swegner
