human_date_time,link,dealised_author_full_name
Mon May  2 22:29:03 2011,http://mail-archives.apache.org/mod_mbox/opennlp-issues/201105.mbox/<396980807.16570.1304375343197.JavaMail.tomcat@hel.zones.apache.org>,james kosin
Tue May  3 01:57:03 2011,http://mail-archives.apache.org/mod_mbox/opennlp-issues/201105.mbox/<148994840.17224.1304387823404.JavaMail.tomcat@hel.zones.apache.org>,james kosin
Tue May  3 01:59:03 2011,http://mail-archives.apache.org/mod_mbox/opennlp-issues/201105.mbox/<1136395383.17227.1304387943473.JavaMail.tomcat@hel.zones.apache.org>,james kosin
Tue May  3 02:22:03 2011,http://mail-archives.apache.org/mod_mbox/opennlp-issues/201105.mbox/<656538815.17283.1304389323173.JavaMail.tomcat@hel.zones.apache.org>,james kosin
Wed May  4 03:32:03 2011,http://mail-archives.apache.org/mod_mbox/opennlp-issues/201105.mbox/<1220668783.20592.1304479923684.JavaMail.tomcat@hel.zones.apache.org>,james kosin
Wed May  4 03:32:03 2011,http://mail-archives.apache.org/mod_mbox/opennlp-issues/201105.mbox/<231075906.20590.1304479923627.JavaMail.tomcat@hel.zones.apache.org>,james kosin
Wed May  4 04:23:03 2011,http://mail-archives.apache.org/mod_mbox/opennlp-issues/201105.mbox/<1079879659.20677.1304482983213.JavaMail.tomcat@hel.zones.apache.org>,james kosin
Wed May  4 04:46:03 2011,http://mail-archives.apache.org/mod_mbox/opennlp-issues/201105.mbox/<679305876.20743.1304484363159.JavaMail.tomcat@hel.zones.apache.org>,james kosin
Tue May 17 18:11:47 2011,http://mail-archives.apache.org/mod_mbox/opennlp-dev/201105.mbox/<4DD2F2A3.1090207@gmail.com>,james kosin
Tue May 17 18:18:48 2011,http://mail-archives.apache.org/mod_mbox/opennlp-dev/201105.mbox/<4DD2F448.3090804@gmail.com>,james kosin
Fri May 20 02:52:47 2011,http://mail-archives.apache.org/mod_mbox/opennlp-issues/201105.mbox/<1450889982.29455.1305859967345.JavaMail.tomcat@hel.zones.apache.org>,james kosin
Sat May 28 00:18:28 2011,http://mail-archives.apache.org/mod_mbox/opennlp-users/201105.mbox/<4DE07794.2070806@gmail.com>,james kosin
Tue May 31 19:26:36 2011,http://mail-archives.apache.org/mod_mbox/opennlp-dev/201105.mbox/<4DE5792C.70402@gmail.com>,james kosin
Tue May 31 22:35:52 2011,http://mail-archives.apache.org/mod_mbox/opennlp-dev/201105.mbox/<4DE5A588.4050801@gmail.com>,james kosin
