human_date_time,link,dealised_author_full_name
Sat May 10 22:16:18 2014,http://mail-archives.apache.org/mod_mbox/falcon-dev/201405.mbox/<152316683079337934@unknownmsgid>,justin sears
