human_date_time,link,dealised_author_full_name
Fri Apr 12 11:06:25 2019,http://mail-archives.apache.org/mod_mbox/dubbo-commits/201904.mbox/<155506718549.24971.14782843219380784580@gitbox.apache.org>,mrz
