human_date_time,link,dealised_author_full_name
Fri Mar 13 21:25:29 2009,http://mail-archives.apache.org/mod_mbox/thrift-commits/200903.mbox/<20090313212529.DA94323888A5@eris.apache.org>,david reiss
Fri Mar 13 21:25:29 2009,http://mail-archives.apache.org/mod_mbox/thrift-commits/200903.mbox/<20090313212529.DA94323888A5@eris.apache.org>,david reiss
Fri Mar 13 21:25:29 2009,http://mail-archives.apache.org/mod_mbox/thrift-commits/200903.mbox/<20090313212529.DA94323888A5@eris.apache.org>,david reiss
Fri Mar 13 21:25:31 2009,http://mail-archives.apache.org/mod_mbox/thrift-commits/200903.mbox/<20090313212531.C5A0423888E6@eris.apache.org>,david reiss
Sat Mar 14 07:37:29 2009,http://mail-archives.apache.org/mod_mbox/thrift-commits/200903.mbox/<20090314073729.5456F23889B7@eris.apache.org>,david reiss
Sat Mar 14 07:37:29 2009,http://mail-archives.apache.org/mod_mbox/thrift-commits/200903.mbox/<20090314073729.5456F23889B7@eris.apache.org>,david reiss
Sat Mar 14 07:37:29 2009,http://mail-archives.apache.org/mod_mbox/thrift-commits/200903.mbox/<20090314073729.5456F23889B7@eris.apache.org>,david reiss
Sat Mar 14 07:37:29 2009,http://mail-archives.apache.org/mod_mbox/thrift-commits/200903.mbox/<20090314073729.5456F23889B7@eris.apache.org>,david reiss
Sat Mar 14 23:35:17 2009,http://mail-archives.apache.org/mod_mbox/thrift-commits/200903.mbox/<20090314233517.E9EF62388975@eris.apache.org>,david reiss
Sat Mar 14 23:35:17 2009,http://mail-archives.apache.org/mod_mbox/thrift-commits/200903.mbox/<20090314233517.E9EF62388975@eris.apache.org>,david reiss
Wed Mar 18 23:14:14 2009,http://mail-archives.apache.org/mod_mbox/thrift-commits/200903.mbox/<20090318231414.5580223888CA@eris.apache.org>,david reiss
Wed Mar 18 23:59:57 2009,http://mail-archives.apache.org/mod_mbox/thrift-commits/200903.mbox/<20090318235957.54F6523888CA@eris.apache.org>,david reiss
Wed Mar 18 23:59:57 2009,http://mail-archives.apache.org/mod_mbox/thrift-commits/200903.mbox/<20090318235957.54F6523888CA@eris.apache.org>,david reiss
Wed Mar 18 23:59:57 2009,http://mail-archives.apache.org/mod_mbox/thrift-commits/200903.mbox/<20090318235957.54F6523888CA@eris.apache.org>,david reiss
Wed Mar 18 23:59:57 2009,http://mail-archives.apache.org/mod_mbox/thrift-commits/200903.mbox/<20090318235957.54F6523888CA@eris.apache.org>,david reiss
Wed Mar 18 23:59:57 2009,http://mail-archives.apache.org/mod_mbox/thrift-commits/200903.mbox/<20090318235957.54F6523888CA@eris.apache.org>,david reiss
Wed Mar 18 23:59:57 2009,http://mail-archives.apache.org/mod_mbox/thrift-commits/200903.mbox/<20090318235957.54F6523888CA@eris.apache.org>,david reiss
Thu Mar 19 08:14:13 2009,http://mail-archives.apache.org/mod_mbox/thrift-commits/200903.mbox/<20090319081413.67BA923888CA@eris.apache.org>,david reiss
Thu Mar 19 20:33:15 2009,http://mail-archives.apache.org/mod_mbox/thrift-commits/200903.mbox/<20090319203315.C47D62388D39@eris.apache.org>,david reiss
Fri Mar 20 07:02:52 2009,http://mail-archives.apache.org/mod_mbox/thrift-commits/200903.mbox/<20090320070252.EFF7823888D5@eris.apache.org>,david reiss
Fri Mar 20 07:14:51 2009,http://mail-archives.apache.org/mod_mbox/thrift-commits/200903.mbox/<20090320071451.F2EAC23888D5@eris.apache.org>,david reiss
Fri Mar 20 07:15:04 2009,http://mail-archives.apache.org/mod_mbox/thrift-commits/200903.mbox/<20090320071504.C2EF92388962@eris.apache.org>,david reiss
Tue Mar 24 20:00:48 2009,http://mail-archives.apache.org/mod_mbox/thrift-commits/200903.mbox/<20090324200048.AEFFC238889E@eris.apache.org>,david reiss
Tue Mar 24 20:00:48 2009,http://mail-archives.apache.org/mod_mbox/thrift-commits/200903.mbox/<20090324200048.AEFFC238889E@eris.apache.org>,david reiss
Tue Mar 24 20:01:04 2009,http://mail-archives.apache.org/mod_mbox/thrift-commits/200903.mbox/<20090324200104.D423D2388AE0@eris.apache.org>,david reiss
Tue Mar 24 20:01:04 2009,http://mail-archives.apache.org/mod_mbox/thrift-commits/200903.mbox/<20090324200104.D423D2388AE0@eris.apache.org>,david reiss
Tue Mar 24 20:01:04 2009,http://mail-archives.apache.org/mod_mbox/thrift-commits/200903.mbox/<20090324200104.D423D2388AE0@eris.apache.org>,david reiss
Tue Mar 24 20:01:04 2009,http://mail-archives.apache.org/mod_mbox/thrift-commits/200903.mbox/<20090324200104.D423D2388AE0@eris.apache.org>,david reiss
Tue Mar 24 20:01:04 2009,http://mail-archives.apache.org/mod_mbox/thrift-commits/200903.mbox/<20090324200104.D423D2388AE0@eris.apache.org>,david reiss
Tue Mar 24 20:01:04 2009,http://mail-archives.apache.org/mod_mbox/thrift-commits/200903.mbox/<20090324200104.D423D2388AE0@eris.apache.org>,david reiss
Tue Mar 24 20:01:04 2009,http://mail-archives.apache.org/mod_mbox/thrift-commits/200903.mbox/<20090324200104.D423D2388AE0@eris.apache.org>,david reiss
Tue Mar 24 20:01:04 2009,http://mail-archives.apache.org/mod_mbox/thrift-commits/200903.mbox/<20090324200104.D423D2388AE0@eris.apache.org>,david reiss
Tue Mar 24 20:01:04 2009,http://mail-archives.apache.org/mod_mbox/thrift-commits/200903.mbox/<20090324200104.D423D2388AE0@eris.apache.org>,david reiss
Tue Mar 24 20:01:04 2009,http://mail-archives.apache.org/mod_mbox/thrift-commits/200903.mbox/<20090324200104.D423D2388AE0@eris.apache.org>,david reiss
Tue Mar 24 20:01:04 2009,http://mail-archives.apache.org/mod_mbox/thrift-commits/200903.mbox/<20090324200104.D423D2388AE0@eris.apache.org>,david reiss
Tue Mar 24 20:01:04 2009,http://mail-archives.apache.org/mod_mbox/thrift-commits/200903.mbox/<20090324200104.D423D2388AE0@eris.apache.org>,david reiss
Tue Mar 24 20:01:04 2009,http://mail-archives.apache.org/mod_mbox/thrift-commits/200903.mbox/<20090324200104.D423D2388AE0@eris.apache.org>,david reiss
Tue Mar 24 20:01:26 2009,http://mail-archives.apache.org/mod_mbox/thrift-commits/200903.mbox/<20090324200129.495AD2388B1C@eris.apache.org>,david reiss
Tue Mar 24 20:01:26 2009,http://mail-archives.apache.org/mod_mbox/thrift-commits/200903.mbox/<20090324200129.495AD2388B1C@eris.apache.org>,david reiss
Tue Mar 24 20:01:26 2009,http://mail-archives.apache.org/mod_mbox/thrift-commits/200903.mbox/<20090324200129.495AD2388B1C@eris.apache.org>,david reiss
Tue Mar 24 20:01:26 2009,http://mail-archives.apache.org/mod_mbox/thrift-commits/200903.mbox/<20090324200129.495AD2388B1C@eris.apache.org>,david reiss
Tue Mar 24 20:01:26 2009,http://mail-archives.apache.org/mod_mbox/thrift-commits/200903.mbox/<20090324200129.495AD2388B1C@eris.apache.org>,david reiss
Tue Mar 24 20:01:26 2009,http://mail-archives.apache.org/mod_mbox/thrift-commits/200903.mbox/<20090324200129.495AD2388B1C@eris.apache.org>,david reiss
Tue Mar 24 20:01:26 2009,http://mail-archives.apache.org/mod_mbox/thrift-commits/200903.mbox/<20090324200129.495AD2388B1C@eris.apache.org>,david reiss
Tue Mar 24 20:01:26 2009,http://mail-archives.apache.org/mod_mbox/thrift-commits/200903.mbox/<20090324200129.495AD2388B1C@eris.apache.org>,david reiss
Tue Mar 24 20:01:26 2009,http://mail-archives.apache.org/mod_mbox/thrift-commits/200903.mbox/<20090324200129.495AD2388B1C@eris.apache.org>,david reiss
Tue Mar 24 20:01:26 2009,http://mail-archives.apache.org/mod_mbox/thrift-commits/200903.mbox/<20090324200129.495AD2388B1C@eris.apache.org>,david reiss
Tue Mar 24 20:01:26 2009,http://mail-archives.apache.org/mod_mbox/thrift-commits/200903.mbox/<20090324200129.495AD2388B1C@eris.apache.org>,david reiss
Tue Mar 24 20:01:26 2009,http://mail-archives.apache.org/mod_mbox/thrift-commits/200903.mbox/<20090324200129.495AD2388B1C@eris.apache.org>,david reiss
Tue Mar 24 20:01:26 2009,http://mail-archives.apache.org/mod_mbox/thrift-commits/200903.mbox/<20090324200129.495AD2388B1C@eris.apache.org>,david reiss
Tue Mar 24 20:01:26 2009,http://mail-archives.apache.org/mod_mbox/thrift-commits/200903.mbox/<20090324200129.495AD2388B1C@eris.apache.org>,david reiss
Tue Mar 24 20:01:26 2009,http://mail-archives.apache.org/mod_mbox/thrift-commits/200903.mbox/<20090324200129.495AD2388B1C@eris.apache.org>,david reiss
Tue Mar 24 20:01:26 2009,http://mail-archives.apache.org/mod_mbox/thrift-commits/200903.mbox/<20090324200129.495AD2388B1C@eris.apache.org>,david reiss
Tue Mar 24 20:01:26 2009,http://mail-archives.apache.org/mod_mbox/thrift-commits/200903.mbox/<20090324200129.495AD2388B1C@eris.apache.org>,david reiss
Tue Mar 24 20:01:26 2009,http://mail-archives.apache.org/mod_mbox/thrift-commits/200903.mbox/<20090324200129.495AD2388B1C@eris.apache.org>,david reiss
Tue Mar 24 20:01:59 2009,http://mail-archives.apache.org/mod_mbox/thrift-commits/200903.mbox/<20090324200201.399A32388AAF@eris.apache.org>,david reiss
Tue Mar 24 20:01:59 2009,http://mail-archives.apache.org/mod_mbox/thrift-commits/200903.mbox/<20090324200201.399A32388AAF@eris.apache.org>,david reiss
Tue Mar 24 20:01:59 2009,http://mail-archives.apache.org/mod_mbox/thrift-commits/200903.mbox/<20090324200201.399A32388AAF@eris.apache.org>,david reiss
Tue Mar 24 20:01:59 2009,http://mail-archives.apache.org/mod_mbox/thrift-commits/200903.mbox/<20090324200201.399A32388AAF@eris.apache.org>,david reiss
Tue Mar 24 20:01:59 2009,http://mail-archives.apache.org/mod_mbox/thrift-commits/200903.mbox/<20090324200201.399A32388AAF@eris.apache.org>,david reiss
Tue Mar 24 20:01:59 2009,http://mail-archives.apache.org/mod_mbox/thrift-commits/200903.mbox/<20090324200201.399A32388AAF@eris.apache.org>,david reiss
Tue Mar 24 20:01:59 2009,http://mail-archives.apache.org/mod_mbox/thrift-commits/200903.mbox/<20090324200201.399A32388AAF@eris.apache.org>,david reiss
Tue Mar 24 20:01:59 2009,http://mail-archives.apache.org/mod_mbox/thrift-commits/200903.mbox/<20090324200201.399A32388AAF@eris.apache.org>,david reiss
Tue Mar 24 20:01:59 2009,http://mail-archives.apache.org/mod_mbox/thrift-commits/200903.mbox/<20090324200201.399A32388AAF@eris.apache.org>,david reiss
Tue Mar 24 20:01:59 2009,http://mail-archives.apache.org/mod_mbox/thrift-commits/200903.mbox/<20090324200201.399A32388AAF@eris.apache.org>,david reiss
Tue Mar 24 20:01:59 2009,http://mail-archives.apache.org/mod_mbox/thrift-commits/200903.mbox/<20090324200201.399A32388AAF@eris.apache.org>,david reiss
Tue Mar 24 20:01:59 2009,http://mail-archives.apache.org/mod_mbox/thrift-commits/200903.mbox/<20090324200201.399A32388AAF@eris.apache.org>,david reiss
Tue Mar 24 20:01:59 2009,http://mail-archives.apache.org/mod_mbox/thrift-commits/200903.mbox/<20090324200201.399A32388AAF@eris.apache.org>,david reiss
Tue Mar 24 20:01:59 2009,http://mail-archives.apache.org/mod_mbox/thrift-commits/200903.mbox/<20090324200201.399A32388AAF@eris.apache.org>,david reiss
Tue Mar 24 20:01:59 2009,http://mail-archives.apache.org/mod_mbox/thrift-commits/200903.mbox/<20090324200201.399A32388AAF@eris.apache.org>,david reiss
Tue Mar 24 20:01:59 2009,http://mail-archives.apache.org/mod_mbox/thrift-commits/200903.mbox/<20090324200201.399A32388AAF@eris.apache.org>,david reiss
Tue Mar 24 20:01:59 2009,http://mail-archives.apache.org/mod_mbox/thrift-commits/200903.mbox/<20090324200201.399A32388AAF@eris.apache.org>,david reiss
Tue Mar 24 20:02:09 2009,http://mail-archives.apache.org/mod_mbox/thrift-commits/200903.mbox/<20090324200209.AAAA32388B39@eris.apache.org>,david reiss
Tue Mar 24 20:02:09 2009,http://mail-archives.apache.org/mod_mbox/thrift-commits/200903.mbox/<20090324200209.AAAA32388B39@eris.apache.org>,david reiss
Tue Mar 24 20:02:09 2009,http://mail-archives.apache.org/mod_mbox/thrift-commits/200903.mbox/<20090324200209.AAAA32388B39@eris.apache.org>,david reiss
Tue Mar 24 20:02:24 2009,http://mail-archives.apache.org/mod_mbox/thrift-commits/200903.mbox/<20090324200225.8995A2388AE0@eris.apache.org>,david reiss
Tue Mar 24 20:02:24 2009,http://mail-archives.apache.org/mod_mbox/thrift-commits/200903.mbox/<20090324200225.8995A2388AE0@eris.apache.org>,david reiss
Tue Mar 24 20:02:24 2009,http://mail-archives.apache.org/mod_mbox/thrift-commits/200903.mbox/<20090324200225.8995A2388AE0@eris.apache.org>,david reiss
Tue Mar 24 20:02:24 2009,http://mail-archives.apache.org/mod_mbox/thrift-commits/200903.mbox/<20090324200225.8995A2388AE0@eris.apache.org>,david reiss
Tue Mar 24 20:02:24 2009,http://mail-archives.apache.org/mod_mbox/thrift-commits/200903.mbox/<20090324200225.8995A2388AE0@eris.apache.org>,david reiss
Tue Mar 24 20:02:24 2009,http://mail-archives.apache.org/mod_mbox/thrift-commits/200903.mbox/<20090324200225.8995A2388AE0@eris.apache.org>,david reiss
Tue Mar 24 20:02:24 2009,http://mail-archives.apache.org/mod_mbox/thrift-commits/200903.mbox/<20090324200225.8995A2388AE0@eris.apache.org>,david reiss
Tue Mar 24 20:10:25 2009,http://mail-archives.apache.org/mod_mbox/thrift-commits/200903.mbox/<20090324201025.A1275238889E@eris.apache.org>,david reiss
Tue Mar 24 22:48:40 2009,http://mail-archives.apache.org/mod_mbox/thrift-commits/200903.mbox/<20090324224841.0004A2388AE0@eris.apache.org>,david reiss
Tue Mar 24 22:48:40 2009,http://mail-archives.apache.org/mod_mbox/thrift-commits/200903.mbox/<20090324224841.0004A2388AE0@eris.apache.org>,david reiss
Tue Mar 24 22:48:40 2009,http://mail-archives.apache.org/mod_mbox/thrift-commits/200903.mbox/<20090324224841.0004A2388AE0@eris.apache.org>,david reiss
Tue Mar 24 22:51:02 2009,http://mail-archives.apache.org/mod_mbox/thrift-commits/200903.mbox/<20090324225102.AD9D92388995@eris.apache.org>,david reiss
Wed Mar 25 22:15:20 2009,http://mail-archives.apache.org/mod_mbox/thrift-commits/200903.mbox/<20090325221521.91E742388965@eris.apache.org>,david reiss
Thu Mar 26 04:27:49 2009,http://mail-archives.apache.org/mod_mbox/thrift-commits/200903.mbox/<20090326042750.12EB52388962@eris.apache.org>,david reiss
Thu Mar 26 06:14:19 2009,http://mail-archives.apache.org/mod_mbox/thrift-commits/200903.mbox/<20090326061419.E99DB238896B@eris.apache.org>,david reiss
Thu Mar 26 06:14:47 2009,http://mail-archives.apache.org/mod_mbox/thrift-commits/200903.mbox/<20090326061447.9E3822388995@eris.apache.org>,david reiss
Thu Mar 26 06:15:07 2009,http://mail-archives.apache.org/mod_mbox/thrift-commits/200903.mbox/<20090326061509.76FD6238896B@eris.apache.org>,david reiss
Thu Mar 26 06:15:07 2009,http://mail-archives.apache.org/mod_mbox/thrift-commits/200903.mbox/<20090326061509.76FD6238896B@eris.apache.org>,david reiss
Thu Mar 26 06:15:07 2009,http://mail-archives.apache.org/mod_mbox/thrift-commits/200903.mbox/<20090326061509.76FD6238896B@eris.apache.org>,david reiss
Thu Mar 26 06:15:07 2009,http://mail-archives.apache.org/mod_mbox/thrift-commits/200903.mbox/<20090326061509.76FD6238896B@eris.apache.org>,david reiss
Thu Mar 26 06:15:07 2009,http://mail-archives.apache.org/mod_mbox/thrift-commits/200903.mbox/<20090326061509.76FD6238896B@eris.apache.org>,david reiss
Thu Mar 26 06:15:28 2009,http://mail-archives.apache.org/mod_mbox/thrift-commits/200903.mbox/<20090326061529.72D612388B1C@eris.apache.org>,david reiss
Thu Mar 26 06:22:20 2009,http://mail-archives.apache.org/mod_mbox/thrift-commits/200903.mbox/<20090326062222.8600C2388995@eris.apache.org>,david reiss
Thu Mar 26 06:23:59 2009,http://mail-archives.apache.org/mod_mbox/thrift-commits/200903.mbox/<20090326062401.C2A4E238896B@eris.apache.org>,david reiss
Thu Mar 26 06:23:59 2009,http://mail-archives.apache.org/mod_mbox/thrift-commits/200903.mbox/<20090326062401.C2A4E238896B@eris.apache.org>,david reiss
Thu Mar 26 06:23:59 2009,http://mail-archives.apache.org/mod_mbox/thrift-commits/200903.mbox/<20090326062401.C2A4E238896B@eris.apache.org>,david reiss
Thu Mar 26 06:23:59 2009,http://mail-archives.apache.org/mod_mbox/thrift-commits/200903.mbox/<20090326062401.C2A4E238896B@eris.apache.org>,david reiss
Thu Mar 26 06:23:59 2009,http://mail-archives.apache.org/mod_mbox/thrift-commits/200903.mbox/<20090326062401.C2A4E238896B@eris.apache.org>,david reiss
Thu Mar 26 08:40:25 2009,http://mail-archives.apache.org/mod_mbox/thrift-commits/200903.mbox/<20090326084028.8631C238889F@eris.apache.org>,david reiss
Thu Mar 26 08:40:25 2009,http://mail-archives.apache.org/mod_mbox/thrift-commits/200903.mbox/<20090326084028.8631C238889F@eris.apache.org>,david reiss
Thu Mar 26 08:40:25 2009,http://mail-archives.apache.org/mod_mbox/thrift-commits/200903.mbox/<20090326084028.8631C238889F@eris.apache.org>,david reiss
Thu Mar 26 08:41:00 2009,http://mail-archives.apache.org/mod_mbox/thrift-commits/200903.mbox/<20090326084102.C7CF0238889F@eris.apache.org>,david reiss
Thu Mar 26 08:47:11 2009,http://mail-archives.apache.org/mod_mbox/thrift-commits/200903.mbox/<20090326084713.0A8A123889BB@eris.apache.org>,david reiss
Thu Mar 26 23:32:27 2009,http://mail-archives.apache.org/mod_mbox/thrift-commits/200903.mbox/<20090326233228.0DA8823889E3@eris.apache.org>,david reiss
Thu Mar 26 23:32:36 2009,http://mail-archives.apache.org/mod_mbox/thrift-commits/200903.mbox/<20090326233237.982E52388A50@eris.apache.org>,david reiss
Thu Mar 26 23:32:36 2009,http://mail-archives.apache.org/mod_mbox/thrift-commits/200903.mbox/<20090326233237.982E52388A50@eris.apache.org>,david reiss
Thu Mar 26 23:32:36 2009,http://mail-archives.apache.org/mod_mbox/thrift-commits/200903.mbox/<20090326233237.982E52388A50@eris.apache.org>,david reiss
Thu Mar 26 23:32:36 2009,http://mail-archives.apache.org/mod_mbox/thrift-commits/200903.mbox/<20090326233237.982E52388A50@eris.apache.org>,david reiss
Thu Mar 26 23:32:36 2009,http://mail-archives.apache.org/mod_mbox/thrift-commits/200903.mbox/<20090326233237.982E52388A50@eris.apache.org>,david reiss
Thu Mar 26 23:32:36 2009,http://mail-archives.apache.org/mod_mbox/thrift-commits/200903.mbox/<20090326233237.982E52388A50@eris.apache.org>,david reiss
Thu Mar 26 23:32:36 2009,http://mail-archives.apache.org/mod_mbox/thrift-commits/200903.mbox/<20090326233237.982E52388A50@eris.apache.org>,david reiss
Thu Mar 26 23:32:36 2009,http://mail-archives.apache.org/mod_mbox/thrift-commits/200903.mbox/<20090326233237.982E52388A50@eris.apache.org>,david reiss
Thu Mar 26 23:32:36 2009,http://mail-archives.apache.org/mod_mbox/thrift-commits/200903.mbox/<20090326233237.982E52388A50@eris.apache.org>,david reiss
Thu Mar 26 23:32:36 2009,http://mail-archives.apache.org/mod_mbox/thrift-commits/200903.mbox/<20090326233237.982E52388A50@eris.apache.org>,david reiss
Thu Mar 26 23:32:36 2009,http://mail-archives.apache.org/mod_mbox/thrift-commits/200903.mbox/<20090326233237.982E52388A50@eris.apache.org>,david reiss
Thu Mar 26 23:32:36 2009,http://mail-archives.apache.org/mod_mbox/thrift-commits/200903.mbox/<20090326233237.982E52388A50@eris.apache.org>,david reiss
Thu Mar 26 23:32:36 2009,http://mail-archives.apache.org/mod_mbox/thrift-commits/200903.mbox/<20090326233237.982E52388A50@eris.apache.org>,david reiss
Thu Mar 26 23:32:36 2009,http://mail-archives.apache.org/mod_mbox/thrift-commits/200903.mbox/<20090326233237.982E52388A50@eris.apache.org>,david reiss
Thu Mar 26 23:32:36 2009,http://mail-archives.apache.org/mod_mbox/thrift-commits/200903.mbox/<20090326233237.982E52388A50@eris.apache.org>,david reiss
Thu Mar 26 23:32:36 2009,http://mail-archives.apache.org/mod_mbox/thrift-commits/200903.mbox/<20090326233237.982E52388A50@eris.apache.org>,david reiss
Mon Mar 30 19:31:36 2009,http://mail-archives.apache.org/mod_mbox/thrift-commits/200903.mbox/<20090330193136.54B4123889FD@eris.apache.org>,david reiss
Mon Mar 30 20:46:38 2009,http://mail-archives.apache.org/mod_mbox/thrift-commits/200903.mbox/<20090330204639.71B19238889E@eris.apache.org>,david reiss
Mon Mar 30 20:46:38 2009,http://mail-archives.apache.org/mod_mbox/thrift-commits/200903.mbox/<20090330204639.71B19238889E@eris.apache.org>,david reiss
Mon Mar 30 20:46:38 2009,http://mail-archives.apache.org/mod_mbox/thrift-commits/200903.mbox/<20090330204639.71B19238889E@eris.apache.org>,david reiss
Mon Mar 30 20:46:38 2009,http://mail-archives.apache.org/mod_mbox/thrift-commits/200903.mbox/<20090330204639.71B19238889E@eris.apache.org>,david reiss
Mon Mar 30 20:46:38 2009,http://mail-archives.apache.org/mod_mbox/thrift-commits/200903.mbox/<20090330204639.71B19238889E@eris.apache.org>,david reiss
Mon Mar 30 20:46:48 2009,http://mail-archives.apache.org/mod_mbox/thrift-commits/200903.mbox/<20090330204649.39E2E23889FD@eris.apache.org>,david reiss
Mon Mar 30 20:46:48 2009,http://mail-archives.apache.org/mod_mbox/thrift-commits/200903.mbox/<20090330204649.39E2E23889FD@eris.apache.org>,david reiss
Mon Mar 30 20:46:48 2009,http://mail-archives.apache.org/mod_mbox/thrift-commits/200903.mbox/<20090330204649.39E2E23889FD@eris.apache.org>,david reiss
Mon Mar 30 20:46:52 2009,http://mail-archives.apache.org/mod_mbox/thrift-commits/200903.mbox/<20090330204653.0E1E72388A13@eris.apache.org>,david reiss
Mon Mar 30 20:46:57 2009,http://mail-archives.apache.org/mod_mbox/thrift-commits/200903.mbox/<20090330204657.AEB292388A86@eris.apache.org>,david reiss
Mon Mar 30 20:47:01 2009,http://mail-archives.apache.org/mod_mbox/thrift-commits/200903.mbox/<20090330204702.0CBCF2388AD7@eris.apache.org>,david reiss
Mon Mar 30 20:47:06 2009,http://mail-archives.apache.org/mod_mbox/thrift-commits/200903.mbox/<20090330204706.A62BC2388B23@eris.apache.org>,david reiss
Mon Mar 30 21:22:53 2009,http://mail-archives.apache.org/mod_mbox/thrift-commits/200903.mbox/<20090330212253.948082388896@eris.apache.org>,david reiss
Mon Mar 30 21:22:53 2009,http://mail-archives.apache.org/mod_mbox/thrift-commits/200903.mbox/<20090330212253.948082388896@eris.apache.org>,david reiss
Mon Mar 30 21:22:54 2009,http://mail-archives.apache.org/mod_mbox/thrift-commits/200903.mbox/<20090330212254.E3ABC2388A13@eris.apache.org>,david reiss
Mon Mar 30 21:35:43 2009,http://mail-archives.apache.org/mod_mbox/thrift-commits/200903.mbox/<20090330213609.BBBF8238889D@eris.apache.org>,david reiss
Mon Mar 30 21:35:43 2009,http://mail-archives.apache.org/mod_mbox/thrift-commits/200903.mbox/<20090330213609.BBBF8238889D@eris.apache.org>,david reiss
Mon Mar 30 21:35:43 2009,http://mail-archives.apache.org/mod_mbox/thrift-commits/200903.mbox/<20090330213609.BBBF8238889D@eris.apache.org>,david reiss
Mon Mar 30 21:35:43 2009,http://mail-archives.apache.org/mod_mbox/thrift-commits/200903.mbox/<20090330213609.BBBF8238889D@eris.apache.org>,david reiss
Mon Mar 30 21:35:43 2009,http://mail-archives.apache.org/mod_mbox/thrift-commits/200903.mbox/<20090330213609.BBBF8238889D@eris.apache.org>,david reiss
Mon Mar 30 21:35:43 2009,http://mail-archives.apache.org/mod_mbox/thrift-commits/200903.mbox/<20090330213609.BBBF8238889D@eris.apache.org>,david reiss
Mon Mar 30 21:35:43 2009,http://mail-archives.apache.org/mod_mbox/thrift-commits/200903.mbox/<20090330213609.BBBF8238889D@eris.apache.org>,david reiss
Mon Mar 30 21:35:43 2009,http://mail-archives.apache.org/mod_mbox/thrift-commits/200903.mbox/<20090330213609.BBBF8238889D@eris.apache.org>,david reiss
Mon Mar 30 21:35:43 2009,http://mail-archives.apache.org/mod_mbox/thrift-commits/200903.mbox/<20090330213609.BBBF8238889D@eris.apache.org>,david reiss
Mon Mar 30 21:35:43 2009,http://mail-archives.apache.org/mod_mbox/thrift-commits/200903.mbox/<20090330213609.BBBF8238889D@eris.apache.org>,david reiss
Mon Mar 30 21:35:43 2009,http://mail-archives.apache.org/mod_mbox/thrift-commits/200903.mbox/<20090330213609.BBBF8238889D@eris.apache.org>,david reiss
Mon Mar 30 21:35:43 2009,http://mail-archives.apache.org/mod_mbox/thrift-commits/200903.mbox/<20090330213609.BBBF8238889D@eris.apache.org>,david reiss
Mon Mar 30 21:35:43 2009,http://mail-archives.apache.org/mod_mbox/thrift-commits/200903.mbox/<20090330213609.BBBF8238889D@eris.apache.org>,david reiss
Mon Mar 30 21:35:43 2009,http://mail-archives.apache.org/mod_mbox/thrift-commits/200903.mbox/<20090330213609.BBBF8238889D@eris.apache.org>,david reiss
Mon Mar 30 21:35:43 2009,http://mail-archives.apache.org/mod_mbox/thrift-commits/200903.mbox/<20090330213609.BBBF8238889D@eris.apache.org>,david reiss
Mon Mar 30 21:35:43 2009,http://mail-archives.apache.org/mod_mbox/thrift-commits/200903.mbox/<20090330213609.BBBF8238889D@eris.apache.org>,david reiss
Mon Mar 30 21:35:43 2009,http://mail-archives.apache.org/mod_mbox/thrift-commits/200903.mbox/<20090330213609.BBBF8238889D@eris.apache.org>,david reiss
Mon Mar 30 21:35:43 2009,http://mail-archives.apache.org/mod_mbox/thrift-commits/200903.mbox/<20090330213609.BBBF8238889D@eris.apache.org>,david reiss
Mon Mar 30 21:35:43 2009,http://mail-archives.apache.org/mod_mbox/thrift-commits/200903.mbox/<20090330213609.BBBF8238889D@eris.apache.org>,david reiss
Mon Mar 30 21:35:43 2009,http://mail-archives.apache.org/mod_mbox/thrift-commits/200903.mbox/<20090330213609.BBBF8238889D@eris.apache.org>,david reiss
Mon Mar 30 21:35:43 2009,http://mail-archives.apache.org/mod_mbox/thrift-commits/200903.mbox/<20090330213609.BBBF8238889D@eris.apache.org>,david reiss
Mon Mar 30 21:35:43 2009,http://mail-archives.apache.org/mod_mbox/thrift-commits/200903.mbox/<20090330213609.BBBF8238889D@eris.apache.org>,david reiss
Mon Mar 30 21:35:43 2009,http://mail-archives.apache.org/mod_mbox/thrift-commits/200903.mbox/<20090330213609.BBBF8238889D@eris.apache.org>,david reiss
Mon Mar 30 21:35:43 2009,http://mail-archives.apache.org/mod_mbox/thrift-commits/200903.mbox/<20090330213609.BBBF8238889D@eris.apache.org>,david reiss
Mon Mar 30 21:35:43 2009,http://mail-archives.apache.org/mod_mbox/thrift-commits/200903.mbox/<20090330213609.BBBF8238889D@eris.apache.org>,david reiss
Mon Mar 30 21:35:43 2009,http://mail-archives.apache.org/mod_mbox/thrift-commits/200903.mbox/<20090330213609.BBBF8238889D@eris.apache.org>,david reiss
Mon Mar 30 21:35:43 2009,http://mail-archives.apache.org/mod_mbox/thrift-commits/200903.mbox/<20090330213609.BBBF8238889D@eris.apache.org>,david reiss
Mon Mar 30 21:35:43 2009,http://mail-archives.apache.org/mod_mbox/thrift-commits/200903.mbox/<20090330213609.BBBF8238889D@eris.apache.org>,david reiss
Mon Mar 30 21:35:43 2009,http://mail-archives.apache.org/mod_mbox/thrift-commits/200903.mbox/<20090330213609.BBBF8238889D@eris.apache.org>,david reiss
Mon Mar 30 21:35:43 2009,http://mail-archives.apache.org/mod_mbox/thrift-commits/200903.mbox/<20090330213609.BBBF8238889D@eris.apache.org>,david reiss
Mon Mar 30 21:35:43 2009,http://mail-archives.apache.org/mod_mbox/thrift-commits/200903.mbox/<20090330213609.BBBF8238889D@eris.apache.org>,david reiss
Mon Mar 30 21:35:43 2009,http://mail-archives.apache.org/mod_mbox/thrift-commits/200903.mbox/<20090330213609.BBBF8238889D@eris.apache.org>,david reiss
Mon Mar 30 21:35:43 2009,http://mail-archives.apache.org/mod_mbox/thrift-commits/200903.mbox/<20090330213609.BBBF8238889D@eris.apache.org>,david reiss
Mon Mar 30 21:35:43 2009,http://mail-archives.apache.org/mod_mbox/thrift-commits/200903.mbox/<20090330213609.BBBF8238889D@eris.apache.org>,david reiss
Mon Mar 30 21:35:43 2009,http://mail-archives.apache.org/mod_mbox/thrift-commits/200903.mbox/<20090330213609.BBBF8238889D@eris.apache.org>,david reiss
Mon Mar 30 21:35:43 2009,http://mail-archives.apache.org/mod_mbox/thrift-commits/200903.mbox/<20090330213609.BBBF8238889D@eris.apache.org>,david reiss
Mon Mar 30 21:35:43 2009,http://mail-archives.apache.org/mod_mbox/thrift-commits/200903.mbox/<20090330213609.BBBF8238889D@eris.apache.org>,david reiss
Mon Mar 30 21:35:43 2009,http://mail-archives.apache.org/mod_mbox/thrift-commits/200903.mbox/<20090330213609.BBBF8238889D@eris.apache.org>,david reiss
Mon Mar 30 21:35:43 2009,http://mail-archives.apache.org/mod_mbox/thrift-commits/200903.mbox/<20090330213609.BBBF8238889D@eris.apache.org>,david reiss
Mon Mar 30 21:35:43 2009,http://mail-archives.apache.org/mod_mbox/thrift-commits/200903.mbox/<20090330213609.BBBF8238889D@eris.apache.org>,david reiss
Mon Mar 30 21:35:43 2009,http://mail-archives.apache.org/mod_mbox/thrift-commits/200903.mbox/<20090330213609.BBBF8238889D@eris.apache.org>,david reiss
Mon Mar 30 21:35:43 2009,http://mail-archives.apache.org/mod_mbox/thrift-commits/200903.mbox/<20090330213609.BBBF8238889D@eris.apache.org>,david reiss
Mon Mar 30 21:35:43 2009,http://mail-archives.apache.org/mod_mbox/thrift-commits/200903.mbox/<20090330213609.BBBF8238889D@eris.apache.org>,david reiss
Mon Mar 30 21:35:43 2009,http://mail-archives.apache.org/mod_mbox/thrift-commits/200903.mbox/<20090330213609.BBBF8238889D@eris.apache.org>,david reiss
Mon Mar 30 21:35:43 2009,http://mail-archives.apache.org/mod_mbox/thrift-commits/200903.mbox/<20090330213609.BBBF8238889D@eris.apache.org>,david reiss
Mon Mar 30 21:35:43 2009,http://mail-archives.apache.org/mod_mbox/thrift-commits/200903.mbox/<20090330213609.BBBF8238889D@eris.apache.org>,david reiss
Mon Mar 30 21:35:43 2009,http://mail-archives.apache.org/mod_mbox/thrift-commits/200903.mbox/<20090330213609.BBBF8238889D@eris.apache.org>,david reiss
Mon Mar 30 21:35:43 2009,http://mail-archives.apache.org/mod_mbox/thrift-commits/200903.mbox/<20090330213609.BBBF8238889D@eris.apache.org>,david reiss
Mon Mar 30 21:35:43 2009,http://mail-archives.apache.org/mod_mbox/thrift-commits/200903.mbox/<20090330213609.BBBF8238889D@eris.apache.org>,david reiss
Mon Mar 30 21:35:43 2009,http://mail-archives.apache.org/mod_mbox/thrift-commits/200903.mbox/<20090330213609.BBBF8238889D@eris.apache.org>,david reiss
Mon Mar 30 21:35:43 2009,http://mail-archives.apache.org/mod_mbox/thrift-commits/200903.mbox/<20090330213609.BBBF8238889D@eris.apache.org>,david reiss
Mon Mar 30 22:24:30 2009,http://mail-archives.apache.org/mod_mbox/thrift-commits/200903.mbox/<20090330222431.1C4C123889D0@eris.apache.org>,david reiss
Mon Mar 30 22:24:30 2009,http://mail-archives.apache.org/mod_mbox/thrift-commits/200903.mbox/<20090330222431.1C4C123889D0@eris.apache.org>,david reiss
Mon Mar 30 22:24:30 2009,http://mail-archives.apache.org/mod_mbox/thrift-commits/200903.mbox/<20090330222431.1C4C123889D0@eris.apache.org>,david reiss
Mon Mar 30 22:24:30 2009,http://mail-archives.apache.org/mod_mbox/thrift-commits/200903.mbox/<20090330222431.1C4C123889D0@eris.apache.org>,david reiss
Mon Mar 30 22:52:29 2009,http://mail-archives.apache.org/mod_mbox/thrift-commits/200903.mbox/<20090330225230.1A67323889F5@eris.apache.org>,david reiss
Mon Mar 30 22:52:29 2009,http://mail-archives.apache.org/mod_mbox/thrift-commits/200903.mbox/<20090330225230.1A67323889F5@eris.apache.org>,david reiss
Mon Mar 30 22:52:29 2009,http://mail-archives.apache.org/mod_mbox/thrift-commits/200903.mbox/<20090330225230.1A67323889F5@eris.apache.org>,david reiss
Mon Mar 30 22:52:29 2009,http://mail-archives.apache.org/mod_mbox/thrift-commits/200903.mbox/<20090330225230.1A67323889F5@eris.apache.org>,david reiss
Mon Mar 30 22:52:36 2009,http://mail-archives.apache.org/mod_mbox/thrift-commits/200903.mbox/<20090330225236.5FE0C23889FD@eris.apache.org>,david reiss
Mon Mar 30 22:52:36 2009,http://mail-archives.apache.org/mod_mbox/thrift-commits/200903.mbox/<20090330225236.5FE0C23889FD@eris.apache.org>,david reiss
Mon Mar 30 22:52:36 2009,http://mail-archives.apache.org/mod_mbox/thrift-commits/200903.mbox/<20090330225236.5FE0C23889FD@eris.apache.org>,david reiss
Mon Mar 30 22:52:36 2009,http://mail-archives.apache.org/mod_mbox/thrift-commits/200903.mbox/<20090330225236.5FE0C23889FD@eris.apache.org>,david reiss
Mon Mar 30 22:52:36 2009,http://mail-archives.apache.org/mod_mbox/thrift-commits/200903.mbox/<20090330225236.5FE0C23889FD@eris.apache.org>,david reiss
Mon Mar 30 22:52:36 2009,http://mail-archives.apache.org/mod_mbox/thrift-commits/200903.mbox/<20090330225236.5FE0C23889FD@eris.apache.org>,david reiss
Mon Mar 30 22:52:36 2009,http://mail-archives.apache.org/mod_mbox/thrift-commits/200903.mbox/<20090330225236.5FE0C23889FD@eris.apache.org>,david reiss
Mon Mar 30 22:52:40 2009,http://mail-archives.apache.org/mod_mbox/thrift-commits/200903.mbox/<20090330225240.574FB2388A13@eris.apache.org>,david reiss
Mon Mar 30 22:52:42 2009,http://mail-archives.apache.org/mod_mbox/thrift-commits/200903.mbox/<20090330225243.06F9523889D0@eris.apache.org>,david reiss
Mon Mar 30 22:52:42 2009,http://mail-archives.apache.org/mod_mbox/thrift-commits/200903.mbox/<20090330225243.06F9523889D0@eris.apache.org>,david reiss
Mon Mar 30 22:52:42 2009,http://mail-archives.apache.org/mod_mbox/thrift-commits/200903.mbox/<20090330225243.06F9523889D0@eris.apache.org>,david reiss
Mon Mar 30 22:52:44 2009,http://mail-archives.apache.org/mod_mbox/thrift-commits/200903.mbox/<20090330225244.823212388A35@eris.apache.org>,david reiss
Mon Mar 30 22:52:47 2009,http://mail-archives.apache.org/mod_mbox/thrift-commits/200903.mbox/<20090330225247.55DDC2388A4A@eris.apache.org>,david reiss
Mon Mar 30 22:52:47 2009,http://mail-archives.apache.org/mod_mbox/thrift-commits/200903.mbox/<20090330225247.55DDC2388A4A@eris.apache.org>,david reiss
Mon Mar 30 22:52:47 2009,http://mail-archives.apache.org/mod_mbox/thrift-commits/200903.mbox/<20090330225247.55DDC2388A4A@eris.apache.org>,david reiss
Mon Mar 30 22:52:51 2009,http://mail-archives.apache.org/mod_mbox/thrift-commits/200903.mbox/<20090330225252.50B952388AC9@eris.apache.org>,david reiss
Mon Mar 30 22:52:51 2009,http://mail-archives.apache.org/mod_mbox/thrift-commits/200903.mbox/<20090330225252.50B952388AC9@eris.apache.org>,david reiss
Mon Mar 30 22:52:51 2009,http://mail-archives.apache.org/mod_mbox/thrift-commits/200903.mbox/<20090330225252.50B952388AC9@eris.apache.org>,david reiss
Mon Mar 30 22:52:51 2009,http://mail-archives.apache.org/mod_mbox/thrift-commits/200903.mbox/<20090330225252.50B952388AC9@eris.apache.org>,david reiss
Mon Mar 30 22:52:51 2009,http://mail-archives.apache.org/mod_mbox/thrift-commits/200903.mbox/<20090330225252.50B952388AC9@eris.apache.org>,david reiss
Mon Mar 30 22:52:51 2009,http://mail-archives.apache.org/mod_mbox/thrift-commits/200903.mbox/<20090330225252.50B952388AC9@eris.apache.org>,david reiss
Mon Mar 30 22:52:51 2009,http://mail-archives.apache.org/mod_mbox/thrift-commits/200903.mbox/<20090330225252.50B952388AC9@eris.apache.org>,david reiss
Mon Mar 30 22:52:51 2009,http://mail-archives.apache.org/mod_mbox/thrift-commits/200903.mbox/<20090330225252.50B952388AC9@eris.apache.org>,david reiss
