human_date_time,link,dealised_author_full_name
Thu Feb  6 22:01:19 2014,http://mail-archives.apache.org/mod_mbox/falcon-dev/201402.mbox/<JIRA.12693748.1391723963102.552.1391724079595@arcas>,raghav kumar gautam
Thu Feb  6 22:03:19 2014,http://mail-archives.apache.org/mod_mbox/falcon-dev/201402.mbox/<JIRA.12693750.1391724173170.572.1391724199381@arcas>,raghav kumar gautam
Mon Feb 10 20:47:20 2014,http://mail-archives.apache.org/mod_mbox/falcon-dev/201402.mbox/<JIRA.12693748.1391723963102.19011.1392065240110@arcas>,raghav kumar gautam
Mon Feb 10 21:31:21 2014,http://mail-archives.apache.org/mod_mbox/falcon-dev/201402.mbox/<JIRA.12693750.1391724173170.19334.1392067881441@arcas>,raghav kumar gautam
Mon Feb 10 21:31:23 2014,http://mail-archives.apache.org/mod_mbox/falcon-dev/201402.mbox/<JIRA.12693748.1391723963102.19338.1392067883023@arcas>,raghav kumar gautam
Tue Feb 25 00:54:21 2014,http://mail-archives.apache.org/mod_mbox/falcon-dev/201402.mbox/<JIRA.12697039.1393289612736.97191.1393289661960@arcas>,raghav kumar gautam
Tue Feb 25 00:54:22 2014,http://mail-archives.apache.org/mod_mbox/falcon-dev/201402.mbox/<JIRA.12697039.1393289612736.97193.1393289662411@arcas>,raghav kumar gautam
Tue Feb 25 00:56:19 2014,http://mail-archives.apache.org/mod_mbox/falcon-dev/201402.mbox/<JIRA.12697039.1393289612736.97226.1393289779503@arcas>,raghav kumar gautam
Tue Feb 25 00:56:19 2014,http://mail-archives.apache.org/mod_mbox/falcon-dev/201402.mbox/<JIRA.12697039.1393289612736.97229.1393289779908@arcas>,raghav kumar gautam
Tue Feb 25 01:11:19 2014,http://mail-archives.apache.org/mod_mbox/falcon-dev/201402.mbox/<JIRA.12697039.1393289612736.97372.1393290679734@arcas>,raghav kumar gautam
Tue Feb 25 01:11:21 2014,http://mail-archives.apache.org/mod_mbox/falcon-dev/201402.mbox/<JIRA.12697039.1393289612736.97380.1393290681955@arcas>,raghav kumar gautam
Tue Feb 25 01:17:19 2014,http://mail-archives.apache.org/mod_mbox/falcon-dev/201402.mbox/<JIRA.12697039.1393289612736.97419.1393291039791@arcas>,raghav kumar gautam
Tue Feb 25 01:17:20 2014,http://mail-archives.apache.org/mod_mbox/falcon-dev/201402.mbox/<JIRA.12697039.1393289612736.97421.1393291040075@arcas>,raghav kumar gautam
Tue Feb 25 21:51:20 2014,http://mail-archives.apache.org/mod_mbox/falcon-dev/201402.mbox/<JIRA.12697039.1393289612736.103827.1393365080408@arcas>,raghav kumar gautam
Wed Feb 26 19:03:21 2014,http://mail-archives.apache.org/mod_mbox/falcon-dev/201402.mbox/<JIRA.12697039.1393289612736.110941.1393441401442@arcas>,raghav kumar gautam
Wed Feb 26 19:47:23 2014,http://mail-archives.apache.org/mod_mbox/falcon-dev/201402.mbox/<JIRA.12697039.1393289612736.111406.1393444043452@arcas>,raghav kumar gautam
Wed Feb 26 19:47:25 2014,http://mail-archives.apache.org/mod_mbox/falcon-dev/201402.mbox/<JIRA.12697039.1393289612736.111414.1393444045140@arcas>,raghav kumar gautam
Wed Feb 26 19:47:30 2014,http://mail-archives.apache.org/mod_mbox/falcon-dev/201402.mbox/<JIRA.12697039.1393289612736.111437.1393444050916@arcas>,raghav kumar gautam
Wed Feb 26 19:49:20 2014,http://mail-archives.apache.org/mod_mbox/falcon-dev/201402.mbox/<JIRA.12697039.1393289612736.111447.1393444160199@arcas>,raghav kumar gautam
Thu Feb 27 18:55:20 2014,http://mail-archives.apache.org/mod_mbox/falcon-dev/201402.mbox/<JIRA.12697039.1393289612736.119455.1393527320948@arcas>,raghav kumar gautam
