human_date_time,link,dealised_author_full_name
Thu May 24 10:19:57 2012,http://mail-archives.apache.org/mod_mbox/ant-dev/201205.mbox/<CAKwJSvwkWtp6KACcV__UgEWsJctUq3yO__EDAi4EqcEN3+JNMw@mail.gmail.com>,adrien lecharpentier
Fri May 25 16:17:22 2012,http://mail-archives.apache.org/mod_mbox/ant-notifications/201205.mbox/<597770195.2761.1337962643066.JavaMail.jiratomcat@issues-vm>,adrien lecharpentier
Fri May 25 16:19:23 2012,http://mail-archives.apache.org/mod_mbox/ant-notifications/201205.mbox/<361542323.2774.1337962763570.JavaMail.jiratomcat@issues-vm>,adrien lecharpentier
Fri May 25 21:33:23 2012,http://mail-archives.apache.org/mod_mbox/ant-notifications/201205.mbox/<829476706.4151.1337981603743.JavaMail.jiratomcat@issues-vm>,adrien lecharpentier
