human_date_time,link,dealised_author_full_name
Mon Apr 18 11:20:35 2011,http://mail-archives.apache.org/mod_mbox/jspwiki-dev/201104.mbox/<C69D2480-4CF7-4676-AC8A-0B1FB16D0417@oracle.com>,craig l russell
