human_date_time,link,dealised_author_full_name
Fri Dec  1 11:37:11 2017,http://mail-archives.apache.org/mod_mbox/weex-commits/201712.mbox/<git-pr-925-incubator-weex@git.apache.org>,doumafang
Tue Dec 12 07:17:20 2017,http://mail-archives.apache.org/mod_mbox/weex-commits/201712.mbox/<20171212071720.0C49BDFBD3@git1-us-west.apache.org>,doumafang
Tue Dec 12 07:45:36 2017,http://mail-archives.apache.org/mod_mbox/weex-commits/201712.mbox/<git-pr-940-incubator-weex@git.apache.org>,doumafang
