human_date_time,link,dealised_author_full_name
Fri Dec  1 12:29:36 2006,http://mail-archives.apache.org/mod_mbox/tuscany-dev/200612.mbox/<006d01c71587$6c0b0be0$0700a8c0@rfengt60p>,raymond feng
Fri Dec  1 14:45:17 2006,http://mail-archives.apache.org/mod_mbox/tuscany-dev/200612.mbox/<00cc01c7159a$618743b0$0700a8c0@rfengt60p>,raymond feng
Mon Dec  4 09:00:27 2006,http://mail-archives.apache.org/mod_mbox/tuscany-dev/200612.mbox/<2246769.1165251627381.JavaMail.jira@brutus>,raymond feng
Mon Dec  4 10:21:21 2006,http://mail-archives.apache.org/mod_mbox/tuscany-dev/200612.mbox/<1095886.1165256481152.JavaMail.jira@brutus>,raymond feng
Mon Dec  4 10:23:22 2006,http://mail-archives.apache.org/mod_mbox/tuscany-dev/200612.mbox/<22009928.1165256602957.JavaMail.jira@brutus>,raymond feng
Mon Dec  4 10:23:53 2006,http://mail-archives.apache.org/mod_mbox/tuscany-dev/200612.mbox/<00bf01c717d1$5bed98d0$0700a8c0@rfengt60p>,raymond feng
Mon Dec  4 12:10:32 2006,http://mail-archives.apache.org/mod_mbox/tuscany-dev/200612.mbox/<00fa01c717e0$42267c00$0700a8c0@rfengt60p>,raymond feng
Mon Dec  4 12:13:08 2006,http://mail-archives.apache.org/mod_mbox/tuscany-dev/200612.mbox/<010b01c717e0$9e420b30$0700a8c0@rfengt60p>,raymond feng
Mon Dec  4 14:32:56 2006,http://mail-archives.apache.org/mod_mbox/tuscany-dev/200612.mbox/<015701c717f4$2671f4d0$0700a8c0@rfengt60p>,raymond feng
Mon Dec  4 16:40:17 2006,http://mail-archives.apache.org/mod_mbox/tuscany-dev/200612.mbox/<003101c71805$f0801f20$0700a8c0@rfengt60p>,raymond feng
Tue Dec  5 08:43:39 2006,http://mail-archives.apache.org/mod_mbox/tuscany-dev/200612.mbox/<003b01c7188c$863f9370$0700a8c0@rfengt60p>,raymond feng
Wed Dec  6 08:26:48 2006,http://mail-archives.apache.org/mod_mbox/tuscany-dev/200612.mbox/<004301c71953$54cd2920$0700a8c0@rfengt60p>,raymond feng
Wed Dec  6 10:48:23 2006,http://mail-archives.apache.org/mod_mbox/tuscany-dev/200612.mbox/<003701c71967$1ccb2630$0700a8c0@rfengt60p>,raymond feng
Wed Dec  6 10:51:13 2006,http://mail-archives.apache.org/mod_mbox/tuscany-dev/200612.mbox/<004c01c71967$822afe10$0700a8c0@rfengt60p>,raymond feng
Wed Dec  6 11:23:19 2006,http://mail-archives.apache.org/mod_mbox/tuscany-dev/200612.mbox/<006b01c7196b$febd6a90$0700a8c0@rfengt60p>,raymond feng
Thu Dec  7 08:36:36 2006,http://mail-archives.apache.org/mod_mbox/tuscany-user/200612.mbox/<001901c71a1d$ddd44bc0$0700a8c0@rfengt60p>,raymond feng
Thu Dec  7 08:53:29 2006,http://mail-archives.apache.org/mod_mbox/tuscany-dev/200612.mbox/<003401c71a20$39c13ef0$0700a8c0@rfengt60p>,raymond feng
Thu Dec  7 09:03:16 2006,http://mail-archives.apache.org/mod_mbox/tuscany-dev/200612.mbox/<004d01c71a21$974c6e40$0700a8c0@rfengt60p>,raymond feng
Thu Dec  7 12:06:01 2006,http://mail-archives.apache.org/mod_mbox/tuscany-dev/200612.mbox/<003e01c71a3b$20074b10$4ded1a09@rfengt60p>,raymond feng
Thu Dec  7 15:22:57 2006,http://mail-archives.apache.org/mod_mbox/tuscany-dev/200612.mbox/<008101c71a56$a24ec790$4ded1a09@rfengt60p>,raymond feng
Fri Dec  8 08:33:21 2006,http://mail-archives.apache.org/mod_mbox/tuscany-dev/200612.mbox/<004401c71ae6$940f4f20$0700a8c0@rfengt60p>,raymond feng
Fri Dec  8 15:54:30 2006,http://mail-archives.apache.org/mod_mbox/tuscany-dev/200612.mbox/<018c01c71b24$34d9cc90$0700a8c0@rfengt60p>,raymond feng
Fri Dec  8 17:37:28 2006,http://mail-archives.apache.org/mod_mbox/tuscany-dev/200612.mbox/<01a501c71b32$97329da0$0700a8c0@rfengt60p>,raymond feng
Wed Dec 13 08:25:32 2006,http://mail-archives.apache.org/mod_mbox/tuscany-dev/200612.mbox/<005f01c71ed3$50ac4b70$0700a8c0@rfengt60p>,raymond feng
Wed Dec 13 08:28:28 2006,http://mail-archives.apache.org/mod_mbox/tuscany-dev/200612.mbox/<006401c71ed3$ba6c9740$0700a8c0@rfengt60p>,raymond feng
Wed Dec 13 08:34:51 2006,http://mail-archives.apache.org/mod_mbox/tuscany-dev/200612.mbox/<006901c71ed4$9e303d10$0700a8c0@rfengt60p>,raymond feng
Wed Dec 13 09:25:25 2006,http://mail-archives.apache.org/mod_mbox/tuscany-dev/200612.mbox/<21075369.1166030725780.JavaMail.jira@brutus>,raymond feng
Wed Dec 13 09:31:22 2006,http://mail-archives.apache.org/mod_mbox/tuscany-dev/200612.mbox/<32299480.1166031082406.JavaMail.jira@brutus>,raymond feng
Wed Dec 13 09:31:24 2006,http://mail-archives.apache.org/mod_mbox/tuscany-dev/200612.mbox/<21931789.1166031084537.JavaMail.jira@brutus>,raymond feng
Wed Dec 13 10:22:30 2006,http://mail-archives.apache.org/mod_mbox/tuscany-dev/200612.mbox/<010a01c71ee3$a7a498a0$0700a8c0@rfengt60p>,raymond feng
Wed Dec 13 20:16:26 2006,http://mail-archives.apache.org/mod_mbox/tuscany-dev/200612.mbox/<001601c71f36$a0d1d670$0700a8c0@rfengt60p>,raymond feng
Thu Dec 14 08:44:59 2006,http://mail-archives.apache.org/mod_mbox/tuscany-dev/200612.mbox/<002301c71f9f$32707380$0700a8c0@rfengt60p>,raymond feng
Fri Dec 15 09:07:20 2006,http://mail-archives.apache.org/mod_mbox/tuscany-dev/200612.mbox/<004f01c7206b$7c754c40$0700a8c0@rfengt60p>,raymond feng
Fri Dec 15 10:52:00 2006,http://mail-archives.apache.org/mod_mbox/tuscany-dev/200612.mbox/<006401c7207a$1d6d4db0$0700a8c0@rfengt60p>,raymond feng
Fri Dec 15 13:09:23 2006,http://mail-archives.apache.org/mod_mbox/tuscany-dev/200612.mbox/<16006861.1166216963120.JavaMail.jira@brutus>,raymond feng
Fri Dec 15 13:09:27 2006,http://mail-archives.apache.org/mod_mbox/tuscany-dev/200612.mbox/<2582055.1166216967553.JavaMail.jira@brutus>,raymond feng
Fri Dec 15 13:24:53 2006,http://mail-archives.apache.org/mod_mbox/tuscany-dev/200612.mbox/<009b01c7208f$777d48e0$0700a8c0@rfengt60p>,raymond feng
Fri Dec 15 13:33:25 2006,http://mail-archives.apache.org/mod_mbox/tuscany-dev/200612.mbox/<14023518.1166218405314.JavaMail.jira@brutus>,raymond feng
Fri Dec 15 13:46:02 2006,http://mail-archives.apache.org/mod_mbox/tuscany-dev/200612.mbox/<00cb01c72092$6c2226c0$0700a8c0@rfengt60p>,raymond feng
