human_date_time,link,dealised_author_full_name
Wed Aug  5 09:07:51 2015,http://mail-archives.apache.org/mod_mbox/sirona-dev/201508.mbox/<CACLE=7PxCq1UPkJMbf39nRo5hQZW2BxOcPgm8WdzHiqSnv8w0g@mail.gmail.com>,romain mannibucau
Mon Aug 24 04:41:24 2015,http://mail-archives.apache.org/mod_mbox/sirona-dev/201508.mbox/<CACLE=7PUsqmJrNZsKAZZoNW46Bpa3ZRRqUa8V=zCtQ=O_SHAAQ@mail.gmail.com>,romain mannibucau
Tue Aug 25 17:09:29 2015,http://mail-archives.apache.org/mod_mbox/sirona-dev/201508.mbox/<CACLE=7MzyS2y7vMJpC49jhb8+0ByRJKd8zo7uQ0xY=sO=b4rCw@mail.gmail.com>,romain mannibucau
