human_date_time,link,dealised_author_full_name
Thu Sep  7 06:57:24 2006,http://mail-archives.apache.org/mod_mbox/tuscany-dev/200609.mbox/<29608900.1157637444400.JavaMail.jira@brutus>,paul golick
Thu Sep  7 07:47:24 2006,http://mail-archives.apache.org/mod_mbox/tuscany-dev/200609.mbox/<33019935.1157640444407.JavaMail.jira@brutus>,paul golick
Thu Sep  7 13:28:25 2006,http://mail-archives.apache.org/mod_mbox/tuscany-dev/200609.mbox/<29640954.1157660905644.JavaMail.jira@brutus>,paul golick
Thu Sep  7 13:32:23 2006,http://mail-archives.apache.org/mod_mbox/tuscany-dev/200609.mbox/<4921663.1157661143594.JavaMail.jira@brutus>,paul golick
Mon Sep 11 11:40:23 2006,http://mail-archives.apache.org/mod_mbox/tuscany-dev/200609.mbox/<18942757.1158000023655.JavaMail.jira@brutus>,paul golick
