human_date_time,link,dealised_author_full_name
Mon May 15 13:44:51 2006,http://mail-archives.apache.org/mod_mbox/activemq-dev/200605.mbox/<16863080.1147700691487.JavaMail.jira@brutus>,nathan mittler
Tue May 23 16:03:23 2006,http://mail-archives.apache.org/mod_mbox/activemq-users/200605.mbox/<8a6feb940605231303o3b8aedc1g9b332cc50e42a6ee@mail.gmail.com>,nathan mittler
Sat May 27 14:01:51 2006,http://mail-archives.apache.org/mod_mbox/activemq-dev/200605.mbox/<7818422.1148738511572.JavaMail.jira@brutus>,nathan mittler
Wed May 31 18:22:24 2006,http://mail-archives.apache.org/mod_mbox/activemq-users/200605.mbox/<8a6feb940605311522y634ee309if6fa3200304d44c1@mail.gmail.com>,nathan mittler
Wed May 31 18:37:55 2006,http://mail-archives.apache.org/mod_mbox/activemq-dev/200605.mbox/<8a6feb940605311537m73d5c4c1gfd1cdbf5c2e83f8f@mail.gmail.com>,nathan mittler
