human_date_time,link,dealised_author_full_name
Fri Mar  9 19:31:21 2012,http://mail-archives.apache.org/mod_mbox/clerezza-dev/201203.mbox/<4F5A4C79.2070505@4sengines.com>,florent andr
Fri Mar  9 20:03:14 2012,http://mail-archives.apache.org/mod_mbox/clerezza-dev/201203.mbox/<4F5A53F2.8010803@4sengines.com>,florent andr
Wed Mar 14 23:44:50 2012,http://mail-archives.apache.org/mod_mbox/clerezza-dev/201203.mbox/<4F611F62.5000705@4sengines.com>,florent andr
Wed Mar 14 23:50:23 2012,http://mail-archives.apache.org/mod_mbox/clerezza-dev/201203.mbox/<4F6120AF.9010206@4sengines.com>,florent andr
